Mean Rank: 1966
Mean RR: 0.0435
Hit@1: 0.0198
Hit@3: 0.0446
Hit@5: 0.0605
Hit@10: 0.0910
133.79745483398438
132.6739044189453
131.28335571289062
131.1268310546875
130.6177978515625
129.34732055664062
126.55956268310547
126.84414672851562
126.58434295654297
127.3165512084961
125.09660339355469
124.49231719970703
124.916259765625
122.93916320800781
123.99484252929688
122.96483612060547
122.14444732666016
122.8311538696289
121.52181243896484
121.19063568115234
122.7691650390625
120.84163665771484
121.38854217529297
117.4828109741211
119.52244567871094
116.86553192138672
119.16405487060547
117.2087631225586
117.25593566894531
115.03749084472656
114.59762573242188
114.77855682373047
113.71453857421875
114.73804473876953
114.92295837402344
113.30834197998047
112.32465362548828
112.91824340820312
112.46702575683594
111.74384307861328
110.31913757324219
112.52262115478516
111.58355712890625
111.13047790527344
110.4702377319336
110.39747619628906
109.60742950439453
108.60562133789062
109.70091247558594
108.2022933959961
108.59922790527344
109.01861572265625
106.88360595703125
110.03242492675781
107.8419418334961
107.71542358398438
106.36911010742188
106.59818267822266
105.35356903076172
104.77019500732422
105.18932342529297
105.19842529296875
105.4089584350586
106.00875854492188
104.08032989501953
104.30535888671875
105.31257629394531
103.57324981689453
103.9083480834961
103.53347778320312
102.94102478027344
102.4273681640625
101.55329895019531
102.31965637207031
102.2727279663086
100.31672668457031
99.46308898925781
101.46830749511719
100.20916748046875
101.23553466796875
100.32899475097656
100.32456970214844
99.19868469238281
100.16547393798828
99.10489654541016
98.86860656738281
99.46278381347656
99.41877746582031
97.64009857177734
98.95506286621094
98.30873107910156
98.33383178710938
97.97807312011719
94.93357849121094
98.03507995605469
96.09576416015625
96.74755096435547
97.6142578125
97.5257568359375
95.30460357666016
95.75323486328125
95.23715209960938
96.48941040039062
95.18770599365234
96.86099243164062
94.96827697753906
94.7214584350586
95.40936279296875
94.01412963867188
93.629150390625
93.61735534667969
94.40547180175781
94.99092864990234
94.45134735107422
92.6744613647461
93.63656616210938
93.71458435058594
91.81678009033203
91.61654663085938
91.609375
91.8280029296875
93.42455291748047
91.44738006591797
92.03303527832031
92.82907104492188
91.30613708496094
91.15520477294922
90.63978576660156
90.42149353027344
89.92720794677734
91.34516906738281
91.95967102050781
89.24712371826172
89.38858032226562
91.21125030517578
90.01667022705078
89.60002136230469
89.66188049316406
89.40682983398438
88.82723236083984
89.53660583496094
88.07994079589844
87.69760131835938
87.84864807128906
87.9488525390625
89.19764709472656
87.9163818359375
86.94419860839844
86.50122833251953
87.81023406982422
86.52684020996094
90.03213500976562
87.38013458251953
88.17945098876953
86.05857849121094
85.82275390625
85.65748596191406
86.03752136230469
86.6552734375
86.22679901123047
87.12895202636719
85.98176574707031
85.66260528564453
86.36750793457031
85.53418731689453
85.01805114746094
86.49571228027344
86.62771606445312
84.31584167480469
84.83309936523438
84.6366195678711
84.5084228515625
84.6846694946289
84.6606216430664
82.8153305053711
84.62937927246094
83.59485626220703
85.31768798828125
83.29893493652344
83.17639923095703
84.77699279785156
84.2144775390625
81.25113677978516
82.73295593261719
83.21867370605469
83.21566772460938
83.61756134033203
81.19957733154297
80.27963256835938
83.16743469238281
80.40843200683594
81.73893737792969
82.10992431640625
81.29103088378906
81.50137329101562
82.39739990234375
81.10977172851562
80.219970703125
81.38519287109375
80.52734375
82.23880004882812
80.90876007080078
80.39115905761719
80.13768768310547
79.80644226074219
80.14046478271484
80.6617431640625
79.92608642578125
79.2432632446289
78.73286437988281
81.2060317993164
80.73029327392578
80.58203887939453
77.79302978515625
79.08928680419922
78.81900787353516
79.31752014160156
79.49856567382812
79.47491455078125
77.50732421875
78.66211700439453
78.57893371582031
78.92135620117188
76.37641906738281
79.1602783203125
76.7684555053711
79.5166244506836
77.61090087890625
77.74229431152344
77.09049987792969
76.98164367675781
76.60800170898438
76.64020538330078
76.80178833007812
76.54997253417969
78.02910614013672
75.27630615234375
78.0695571899414
77.10980987548828
76.90778350830078
77.28993225097656
76.22530364990234
75.46683502197266
77.08026885986328
76.41365051269531
75.41143798828125
74.80448913574219
75.719970703125
77.22815704345703
75.17296600341797
75.79351043701172
75.38668823242188
76.95838928222656
76.50682067871094
75.53168487548828
76.65251922607422
75.65000915527344
73.80705261230469
74.36549377441406
73.21748352050781
73.94984436035156
76.22525787353516
75.93647003173828
73.89997100830078
73.06290435791016
74.09239959716797
75.0177993774414
75.54734802246094
73.43999481201172
73.0025863647461
73.17092895507812
71.37554168701172
76.10517120361328
74.18608093261719
71.44905090332031
73.158447265625
72.30754852294922
72.59098815917969
72.52790832519531
72.87251281738281
72.5584716796875
72.63761138916016
73.42178344726562
73.24636840820312
73.64114379882812
70.1590347290039
71.36067962646484
73.23218536376953
71.23809814453125
73.92889404296875
73.59086608886719
70.96437072753906
71.0445327758789
71.79419708251953
70.97504425048828
69.92884063720703
70.2734603881836
72.57697296142578
71.21183776855469
70.31079864501953
71.07012176513672
71.67028045654297
69.12376403808594
72.2435073852539
71.6680679321289
71.13412475585938
70.34769439697266
71.41236877441406
70.92837524414062
69.28913879394531
70.57974243164062
70.55939483642578
68.89030456542969
69.54875946044922
70.37198638916016
70.39289855957031
71.08422088623047
70.30142211914062
70.18340301513672
71.59310150146484
69.41645812988281
69.47238159179688
69.71520233154297
67.88579559326172
69.33309173583984
68.60563659667969
67.85456848144531
68.6214599609375
68.93809509277344
68.740478515625
68.37696075439453
69.60285186767578
68.75383758544922
69.28461456298828
69.75004577636719
69.1295394897461
69.40424346923828
69.57539367675781
69.07488250732422
69.32890319824219
68.1556625366211
67.37755584716797
68.20542907714844
67.93266296386719
66.83238220214844
67.89286804199219
66.21419525146484
68.70806121826172
67.3550796508789
66.54022216796875
68.00686645507812
67.1475830078125
65.29104614257812
67.21365356445312
64.7779769897461
66.46578216552734
66.3534164428711
66.30836486816406
68.40408325195312
67.32633972167969
65.82893371582031
66.75064849853516
66.4551773071289
66.28408813476562
65.4884033203125
66.72863006591797
67.10516357421875
65.40262603759766
65.26020050048828
65.10297393798828
64.70524597167969
65.72920989990234
65.15314483642578
66.37226104736328
64.7483901977539
65.3152847290039
65.08047485351562
65.57170104980469
67.19798278808594
65.18159484863281
65.53022003173828
65.36943054199219
64.50008392333984
66.52188110351562
64.29763793945312
64.19129180908203
65.31735229492188
64.58369445800781
63.94973373413086
63.69432067871094
63.445011138916016
64.21227264404297
64.40660858154297
66.58142852783203
63.652870178222656
63.941951751708984
63.41849136352539
62.732032775878906
63.928043365478516
62.9376220703125
63.77974319458008
64.7615737915039
64.97743225097656
64.18476104736328
65.5676040649414
63.80879592895508
63.553855895996094
64.13459777832031
65.22738647460938
62.59546661376953
63.49897384643555
64.26715087890625
63.96649169921875
62.66742706298828
63.66701126098633
62.908599853515625
62.119850158691406
63.382286071777344
61.50434875488281
61.49090576171875
63.846954345703125
61.96620178222656
62.8546142578125
63.08615493774414
62.24679183959961
61.72047424316406
63.958011627197266
60.985836029052734
62.63747787475586
61.69671630859375
62.517982482910156
61.07868576049805
64.70800018310547
61.6651725769043
62.55344009399414
60.31229782104492
60.70284652709961
61.71329879760742
62.03150177001953
63.08744430541992
63.51899719238281
59.35462951660156
63.213783264160156
59.8813362121582
62.219703674316406
59.98192596435547
59.8448371887207
60.814552307128906
60.9793815612793
60.560630798339844
61.48617172241211
61.41304016113281
61.32021713256836
60.77730941772461
59.713504791259766
59.159156799316406
61.08572006225586
59.95819091796875
60.39842224121094
60.18995666503906
60.64447021484375
62.27577209472656
60.640357971191406
59.99244689941406
61.508018493652344
59.50712203979492
58.24964141845703
60.68949890136719
60.04021453857422
60.07185363769531
58.23929977416992
57.817291259765625
59.392417907714844
60.87406921386719
59.900962829589844
59.82965087890625
60.09725570678711
58.11395263671875
59.90099334716797
57.5811653137207
58.999332427978516
57.86296844482422
59.91450119018555
58.759368896484375
60.337066650390625
59.10493850708008
58.22541427612305
58.004581451416016
60.431278228759766
59.01179885864258
58.56610107421875
59.66002655029297
58.22077178955078
57.79612350463867
57.20368194580078
59.64060592651367
58.030670166015625
57.71593475341797
56.83964157104492
59.38331985473633
59.62592697143555
57.11417007446289
57.855777740478516
57.851280212402344
59.273685455322266
60.87696075439453
57.18312072753906
58.1358528137207
57.98996353149414
58.676387786865234
60.795013427734375
58.155235290527344
55.5444450378418
59.498626708984375
57.01430892944336
56.79597091674805
58.584476470947266
57.88276290893555
56.90726852416992
57.37621307373047
56.91036605834961
56.23862838745117
57.63944625854492
57.107749938964844
56.87236022949219
56.70164108276367
57.520751953125
57.34619140625
56.91579818725586
55.81724548339844
56.826454162597656
58.24513244628906
56.948097229003906
56.44495391845703
55.73822784423828
56.901676177978516
57.15566635131836
55.19509506225586
54.95329284667969
56.429290771484375
55.96258544921875
53.08970642089844
54.883174896240234
57.405120849609375
55.78615188598633
56.20819091796875
56.12586212158203
57.022239685058594
55.570289611816406
56.634620666503906
55.44843292236328
56.31553268432617
55.855037689208984
56.053955078125
56.8809700012207
56.43937301635742
54.80980682373047
54.94903564453125
54.860939025878906
57.35540771484375
54.788116455078125
54.606815338134766
56.88139343261719
56.4867057800293
55.20142364501953
56.30582046508789
55.05306625366211
55.75364685058594
54.3843994140625
55.74231719970703
55.081417083740234
55.08415985107422
53.677425384521484
56.429874420166016
54.22132110595703
55.81316375732422
54.950408935546875
56.820255279541016
52.834564208984375
54.40982437133789
54.119773864746094
52.89252471923828
55.128787994384766
54.977378845214844
54.93853759765625
53.71460723876953
54.4761848449707
52.86406326293945
53.61353302001953
55.86537551879883
53.82817459106445
54.08478927612305
54.37783432006836
54.940834045410156
54.74018859863281
54.78752517700195
53.71788024902344
53.47615051269531
53.38767623901367
54.15201187133789
54.5240592956543
53.84822082519531
53.424766540527344
51.682403564453125
53.492034912109375
54.74308395385742
52.111080169677734
53.23395919799805
53.38276672363281
53.8486328125
55.06671142578125
53.61054992675781
52.77679443359375
53.05158996582031
52.6087532043457
54.76481628417969
53.93749237060547
50.12025451660156
51.486331939697266
54.18897247314453
54.85218048095703
53.10591125488281
52.61988067626953
51.33640670776367
51.99861145019531
51.300682067871094
51.73794937133789
51.05463790893555
51.82899475097656
51.60228729248047
52.692138671875
53.12800216674805
52.79631423950195
53.96360778808594
52.427310943603516
53.458648681640625
52.08134841918945
52.54944610595703
51.60301971435547
52.39182662963867
51.944740295410156
51.78754806518555
50.09048843383789
52.21352005004883
51.59147262573242
52.52179718017578
50.65240478515625
52.366031646728516
50.38835525512695
50.44182205200195
52.259559631347656
51.27519226074219
51.794212341308594
51.6673469543457
51.781517028808594
52.25240707397461
53.21818542480469
50.97684860229492
51.15957260131836
52.698856353759766
50.92597961425781
51.1717529296875
52.42613220214844
52.276763916015625
49.73651123046875
52.70936965942383
51.1379280090332
51.00264358520508
51.0722770690918
51.03682327270508
52.172080993652344
51.506813049316406
51.444766998291016
50.44086456298828
51.280818939208984
52.32456588745117
50.04827117919922
50.07317352294922
49.92272186279297
48.62622833251953
50.52155685424805
51.27745056152344
51.59034729003906
51.32447814941406
48.56346893310547
50.13411331176758
50.17747116088867
50.789791107177734
49.60102844238281
51.54697036743164
48.64028549194336
49.42754364013672
50.509830474853516
51.517154693603516
49.41181182861328
50.42936706542969
49.94486999511719
48.821990966796875
48.357208251953125
50.4045295715332
49.02268600463867
49.18312072753906
51.2391242980957
50.010311126708984
51.029144287109375
50.754493713378906
49.977394104003906
49.1574592590332
49.715370178222656
50.58292770385742
49.50737380981445
47.62016296386719
49.0082893371582
48.9356689453125
47.14039611816406
48.67088317871094
52.51293182373047
51.073646545410156
48.796268463134766
49.155677795410156
48.75122833251953
48.766143798828125
47.343421936035156
50.90022277832031
46.89241027832031
48.05198287963867
49.83796310424805
49.03072738647461
49.319583892822266
49.17523193359375
47.535255432128906
49.52141189575195
49.038448333740234
49.74262619018555
51.16710662841797
47.49565887451172
48.35939025878906
48.796974182128906
48.46342849731445
46.32335662841797
47.69770431518555
49.86669921875
48.42810821533203
49.880374908447266
48.833927154541016
46.6778450012207
47.97071075439453
48.24874496459961
45.112022399902344
46.5147819519043
47.08804702758789
46.215606689453125
49.05278015136719
48.55276870727539
48.57524108886719
47.66127014160156
50.36998748779297
47.28776550292969
47.95726013183594
48.06627655029297
47.521812438964844
49.557273864746094
47.591896057128906
48.06357955932617
46.31485366821289
48.6767463684082
49.227561950683594
46.6544075012207
45.95878219604492
48.320701599121094
48.18058395385742
48.39036560058594
46.319889068603516
46.41226577758789
46.41441345214844
46.72354507446289
47.18364715576172
47.533206939697266
46.36263656616211
49.840354919433594
46.725833892822266
47.912315368652344
46.14044189453125
46.36077117919922
48.319820404052734
44.62921905517578
48.91569519042969
46.98534393310547
49.34203338623047
45.72731399536133
47.19384002685547
48.81171798706055
45.76815414428711
45.28787612915039
46.03662872314453
47.55345153808594
45.006813049316406
44.296688079833984
44.465946197509766
44.80680465698242
47.36780548095703
46.10154342651367
48.23854446411133
46.32343292236328
45.8924446105957
49.153663635253906
48.04399490356445
46.11485290527344
46.781028747558594
45.172454833984375
46.02840042114258
46.562713623046875
45.964359283447266
44.45505142211914
48.97774887084961
46.92608642578125
46.846710205078125
46.238983154296875
44.398338317871094
46.37599563598633
45.79485321044922
48.65774917602539
45.5869140625
45.252620697021484
46.29050064086914
45.99231719970703
46.92185974121094
45.24108123779297
45.56256103515625
45.18821716308594
44.70808029174805
45.84425735473633
46.337852478027344
46.53009796142578
46.70219039916992
43.692745208740234
43.99431228637695
44.067169189453125
45.52451705932617
47.538421630859375
46.451698303222656
45.32292175292969
45.20515060424805
45.609397888183594
46.37584686279297
44.72990798950195
46.77137756347656
43.78345489501953
43.743629455566406
44.80217361450195
46.104156494140625
47.43561553955078
44.78635025024414
45.058311462402344
46.801300048828125
46.13197708129883
44.12085723876953
45.254791259765625
44.15086364746094
44.3147087097168
44.2000732421875
45.80029296875
45.77051544189453
44.54993438720703
46.5654411315918
43.40952682495117
43.52022171020508
45.15411376953125
43.56334686279297
43.37965393066406
44.19171142578125
43.730892181396484
44.197872161865234
45.19694900512695
42.72076416015625
45.1900520324707
43.308712005615234
43.71320343017578
43.18402862548828
44.24937438964844
45.64714813232422
44.993568420410156
45.42852783203125
43.565494537353516
45.55331802368164
40.917449951171875
46.96808624267578
43.313655853271484
43.29615783691406
43.08926773071289
43.97602844238281
43.411685943603516
43.943546295166016
43.517295837402344
42.55518341064453
42.85961151123047
45.674137115478516
42.832523345947266
42.28927230834961
43.68937301635742
44.167728424072266
42.549964904785156
44.80305862426758
43.964691162109375
44.260494232177734
43.0706672668457
42.97086715698242
43.569969177246094
42.460914611816406
42.44329833984375
41.13491439819336
44.259220123291016
41.99253845214844
42.67057800292969
45.55868148803711
43.422000885009766
42.279842376708984
42.85889434814453
42.94905090332031
41.948081970214844
44.301998138427734
41.71576690673828
43.224334716796875
43.081878662109375
42.26692199707031
42.43083953857422
41.13017272949219
44.06765365600586
45.06689453125
42.86604309082031
41.84843444824219
43.04792785644531
42.46651840209961
42.298583984375
41.641563415527344
42.25068664550781
44.5738410949707
42.61947250366211
42.20557403564453
43.16572189331055
45.281036376953125
42.63750457763672
43.06181335449219
41.01063919067383
43.09759521484375
42.298545837402344
44.47203826904297
44.21240997314453
41.90348815917969
42.70954895019531
41.94196319580078
41.822349548339844
42.88798904418945
42.959266662597656
41.348182678222656
42.21781921386719
42.900634765625
43.37464141845703
42.434112548828125
41.19343566894531
42.36427688598633
41.93181610107422
42.1364860534668
43.580787658691406
40.114471435546875
44.264556884765625
42.947147369384766
43.12644577026367
41.45283126831055
45.59665298461914
41.17325210571289
40.749046325683594
42.73486328125
42.540950775146484
41.71255111694336
42.421974182128906
41.8809928894043
42.67745590209961
39.742488861083984
42.05426025390625
40.70935821533203
40.89942932128906
40.47067642211914
40.69792175292969
43.53255081176758
41.31217575073242
39.59423065185547
41.2528076171875
42.4426383972168
41.43511199951172
40.38956832885742
40.81752014160156
39.85227966308594
39.9057502746582
40.635990142822266
42.42884063720703
39.826011657714844
41.98570251464844
41.28084945678711
39.55847930908203
41.57518005371094
42.543983459472656
40.04051971435547
41.33803176879883
41.56673812866211
39.97283172607422
42.341819763183594
40.74182891845703
42.032432556152344
42.455665588378906
43.06273651123047
40.93090057373047
40.76659393310547
40.24927520751953
39.304752349853516
40.782859802246094
42.33499526977539
42.176700592041016
39.69831848144531
39.13974380493164
39.83384323120117
39.31560134887695
39.99140930175781
39.514095306396484
40.34495162963867
40.75154113769531
40.16561508178711
39.1772575378418
41.603172302246094
41.01185607910156
40.45457077026367
40.55613708496094
40.57072830200195
40.8919677734375
40.10188674926758
40.73280715942383
41.46379089355469
40.87678527832031
40.71006774902344
38.067527770996094
38.47085952758789
41.508201599121094
40.48577117919922
39.43303680419922
39.896480560302734
40.092864990234375
39.13377380371094
40.16706848144531
40.29936218261719
39.47180938720703
40.582275390625
39.40821838378906
39.806907653808594
38.62298583984375
38.642398834228516
38.78963088989258
39.46356964111328
39.63369369506836
38.1958122253418
40.31032943725586
40.00929641723633
38.53635787963867
39.5168571472168
40.83049011230469
40.60298538208008
38.08908462524414
39.47466278076172
40.2287712097168
41.20884704589844
40.98495864868164
41.14726257324219
39.82040023803711
39.86894226074219
38.571590423583984
40.097347259521484
40.00627899169922
39.185951232910156
38.76034927368164
38.554908752441406
39.26420593261719
39.81841278076172
40.74099349975586
39.4700813293457
39.179107666015625
39.61455535888672
37.76958084106445
40.831512451171875
38.73068618774414
38.671966552734375
38.84331130981445
39.49513244628906
37.899269104003906
38.843814849853516
37.762054443359375
38.459564208984375
38.63298034667969
38.83158874511719
39.46967315673828
37.62819290161133
39.295772552490234
39.41802978515625
39.54189682006836
38.6895637512207
38.04180145263672
40.47684860229492
37.106868743896484
39.88076400756836
40.38115692138672
37.78753662109375
41.15760040283203
37.14215087890625
39.02250671386719
37.88242721557617
39.049407958984375
42.89802169799805
36.81991958618164
38.12425231933594
37.706871032714844
39.58995819091797
38.47265625
38.77154541015625
38.484092712402344
38.43563461303711
37.49551773071289
36.77136993408203
38.21485137939453
38.419471740722656
40.01417922973633
38.209617614746094
35.72705078125
39.44279861450195
38.45362091064453
35.020484924316406
41.16653060913086
38.76521301269531
37.591651916503906
39.45390701293945
36.1748046875
38.907264709472656
37.20297622680664
38.70787811279297
38.205509185791016
36.783809661865234
38.57279968261719
37.693904876708984
39.02778625488281
36.96973419189453
37.80669403076172
38.07073211669922
35.99599838256836
39.550777435302734
38.483673095703125
37.082706451416016
38.75999450683594
38.46287155151367
37.979976654052734
38.253353118896484
37.80209732055664
35.36436462402344
36.37421798706055
39.72709655761719
36.87529373168945
37.2685546875
37.18566131591797
38.193214416503906
36.73418045043945
36.945011138916016
37.89101791381836
36.728065490722656
35.20703887939453
37.959712982177734
36.145599365234375
35.20507049560547
39.02587127685547
39.41758728027344
37.23053741455078
37.8389778137207
37.48604965209961
35.53147888183594
39.06161117553711
37.498661041259766
37.91068649291992
36.956932067871094
36.08146286010742
38.60853958129883
35.35658264160156
35.81040573120117
37.452186584472656
37.599365234375
36.59767532348633
36.228328704833984
36.72125244140625
36.973106384277344
36.20301818847656
37.08797073364258
34.99283981323242
39.39458465576172
36.670074462890625
39.21830749511719
36.721961975097656
35.67335891723633
37.11215591430664
37.07733154296875
38.240272521972656
36.2996711730957
36.81367492675781
35.462066650390625
38.87959671020508
36.89679718017578
38.09629821777344
37.17606735229492
35.770938873291016
37.69770050048828
36.68633270263672
37.9213752746582
35.520694732666016
37.044586181640625
37.44558334350586
38.648681640625
34.929752349853516
35.947574615478516
37.47341537475586
37.33380889892578
37.47209930419922
37.328758239746094
37.18389129638672
36.63995361328125
34.73616409301758
37.13921356201172
36.48457717895508
37.114349365234375
37.35687255859375
36.08319091796875
34.8515625
35.90068817138672
34.97747802734375
36.28264236450195
34.91338348388672
35.76450729370117
36.893253326416016
36.60044479370117
35.30433654785156
35.34413146972656
38.88779830932617
34.96469497680664
33.878475189208984
36.26240539550781
36.54670715332031
36.821929931640625
36.22562789916992
35.38117218017578
35.8369140625
37.620304107666016
36.160316467285156
36.20442581176758
37.09926223754883
34.57278823852539
34.34378433227539
35.11387634277344
36.066070556640625
35.45573425292969
36.847496032714844
35.636940002441406
34.3070068359375
36.031246185302734
36.76774215698242
35.181053161621094
34.031036376953125
33.36573028564453
36.36344528198242
34.46883010864258
36.753761291503906
34.22479248046875
34.81587219238281
34.61299133300781
34.480682373046875
36.42020034790039
35.152130126953125
34.645751953125
35.69013977050781
36.900047302246094
34.71408462524414
34.84829330444336
36.351661682128906
34.79932403564453
35.457786560058594
35.77329635620117
33.76964569091797
34.48820495605469
33.744205474853516
33.54165267944336
36.48127746582031
35.55773162841797
35.711204528808594
36.811248779296875
35.67770767211914
35.549522399902344
35.50564956665039
34.38063430786133
34.481361389160156
34.07479476928711
36.16147232055664
35.56195068359375
33.971981048583984
34.35411834716797
34.86323928833008
37.134376525878906
33.68321228027344
35.25921630859375
35.32419967651367
34.89844512939453
34.35402297973633
34.7480354309082
34.20092010498047
35.114322662353516
34.24930953979492
35.694297790527344
36.265113830566406
34.53673553466797
33.71240234375
35.86231231689453
34.7380485534668
34.431663513183594
35.28360366821289
34.612430572509766
32.72050476074219
33.16900634765625
34.910675048828125
33.691226959228516
33.09385681152344
34.9375
32.87350845336914
34.23561477661133
35.68350601196289
34.34523391723633
35.1083869934082
34.27848815917969
32.915435791015625
33.25732421875
33.62863540649414
36.55520248413086
36.45641326904297
34.37015914916992
34.13837432861328
33.43956756591797
34.56631088256836
33.776634216308594
34.45984649658203
35.55559158325195
34.06503677368164
32.3432731628418
33.55441665649414
34.131492614746094
32.41212844848633
35.08149337768555
33.00975036621094
35.78510284423828
34.60035705566406
33.9263801574707
35.0023193359375
34.27041244506836
33.273681640625
32.16969680786133
33.01130676269531
35.0273551940918
32.63850402832031
32.23396301269531
33.47003936767578
35.63432312011719
33.36415100097656
32.93951416015625
32.81879425048828
34.06596755981445
31.37631607055664
34.457672119140625
34.34484100341797
33.891502380371094
34.54418182373047
31.90236473083496
34.084964752197266
32.928871154785156
33.206172943115234
33.637901306152344
35.38774108886719
35.873497009277344
32.592018127441406
32.86146545410156
35.55802917480469
32.51751708984375
34.31415557861328
33.787899017333984
33.02238082885742
36.21611022949219
34.637325286865234
33.29914093017578
33.79553985595703
34.437496185302734
33.50585174560547
31.03266716003418
31.610578536987305
33.22916030883789
33.47559356689453
33.90534973144531
33.95827865600586
33.9503288269043
31.70244789123535
34.318817138671875
33.9937629699707
29.977638244628906
32.071163177490234
32.97598648071289
34.70351028442383
30.727264404296875
33.07353973388672
33.52778244018555
34.94319152832031
30.63770294189453
31.480628967285156
32.32539367675781
32.98032760620117
32.88187789916992
35.313472747802734
31.9566707611084
32.83768081665039
32.94817352294922
31.72250747680664
34.39955520629883
31.8971004486084
33.662437438964844
31.441110610961914
33.90354919433594
33.067596435546875
32.54836654663086
32.53911209106445
33.8775749206543
32.91839599609375
33.94178771972656
34.106971740722656
34.485782623291016
32.81720733642578
32.5874137878418
31.854705810546875
33.10293960571289
31.89188575744629
33.03919982910156
33.70246887207031
32.76661682128906
32.686866760253906
32.208656311035156
31.56840705871582
32.54962158203125
33.63138961791992
33.28440475463867
33.11678695678711
32.73779296875
31.416393280029297
32.71123504638672
32.914390563964844
31.980600357055664
32.32329559326172
33.08540344238281
32.5640983581543
32.53313446044922
34.10606384277344
34.37784194946289
32.72795104980469
30.77369499206543
29.97262954711914
30.735193252563477
33.57110595703125
32.50914001464844
32.02741622924805
32.07896423339844
32.9904670715332
32.94135284423828
30.269664764404297
30.61637306213379
31.613082885742188
30.798294067382812
31.62005043029785
33.54071807861328
31.630739212036133
32.5944709777832
33.909446716308594
32.06188201904297
31.585926055908203
32.278648376464844
29.909666061401367
29.821090698242188
31.87485122680664
31.916227340698242
31.131954193115234
32.78475570678711
31.833763122558594
32.777496337890625
32.53940200805664
31.41838264465332
33.3958625793457
30.644153594970703
30.118080139160156
31.89629554748535
30.1025447845459
31.109088897705078
31.564714431762695
30.282419204711914
30.377382278442383
33.5642204284668
30.30350685119629
33.21662902832031
31.164663314819336
32.35028076171875
29.829771041870117
32.6878662109375
31.440776824951172
31.395343780517578
31.613300323486328
31.25571060180664
30.106279373168945
30.904512405395508
32.50664138793945
30.85340690612793
32.38008117675781
34.091148376464844
33.14961624145508
32.812503814697266
33.83123779296875
32.23960876464844
31.319950103759766
31.7197208404541
32.78192901611328
31.733543395996094
29.699106216430664
32.61895751953125
31.410200119018555
32.527305603027344
30.268169403076172
30.498096466064453
31.499736785888672
33.04434585571289
31.395702362060547
30.625934600830078
31.260643005371094
31.98106575012207
32.09033203125
30.25059700012207
34.7821044921875
31.261938095092773
30.566280364990234
31.949329376220703
29.46038055419922
29.796947479248047
30.614089965820312
29.138355255126953
30.380613327026367
30.55259895324707
30.187358856201172
32.00548553466797
31.12367057800293
29.451303482055664
30.25954246520996
32.028175354003906
29.95441246032715
30.081148147583008
30.98400115966797
29.411405563354492
31.0117130279541
30.71808433532715
31.505788803100586
31.297910690307617
31.916057586669922
32.173805236816406
30.88852310180664
31.039644241333008
30.89242172241211
32.642486572265625
31.593017578125
30.706493377685547
31.46847915649414
30.493661880493164
30.391809463500977
30.9439754486084
30.789051055908203
29.819921493530273
29.416484832763672
31.23780059814453
31.700326919555664
31.40953254699707
30.427339553833008
30.21590805053711
30.696142196655273
30.626140594482422
31.75054359436035
30.374217987060547
30.4754581451416
30.9335880279541
28.152053833007812
29.609399795532227
31.363494873046875
28.897274017333984
29.01470947265625
30.637840270996094
30.314685821533203
29.60106086730957
28.233585357666016
30.12648582458496
28.45045280456543
30.13886260986328
29.09343910217285
30.856374740600586
29.63290786743164
31.395755767822266
30.46059799194336
29.192678451538086
31.457210540771484
30.94391441345215
30.51034927368164
29.446674346923828
29.151554107666016
29.9345703125
28.152141571044922
30.613201141357422
31.013662338256836
29.462615966796875
28.497344970703125
28.083293914794922
30.306930541992188
31.116119384765625
29.519786834716797
28.17809295654297
31.33111000061035
30.973127365112305
31.77860450744629
31.535884857177734
31.51085090637207
28.847766876220703
28.750680923461914
30.803741455078125
31.72515869140625
28.954967498779297
30.382829666137695
28.803028106689453
32.26399230957031
30.6297664642334
28.66762924194336
30.07706069946289
28.45705795288086
29.110139846801758
30.456668853759766
31.43756103515625
29.36908721923828
30.315593719482422
29.772672653198242
29.933778762817383
29.18662452697754
27.550596237182617
29.758121490478516
29.406368255615234
29.694232940673828
30.05722999572754
32.53229522705078
29.661758422851562
30.811664581298828
28.324478149414062
29.937644958496094
29.426916122436523
28.895326614379883
28.64639663696289
31.625749588012695
30.06182289123535
29.46739959716797
29.746427536010742
28.471881866455078
27.639019012451172
28.1614933013916
28.68358039855957
30.300827026367188
30.15618133544922
29.27418327331543
31.061933517456055
29.92304039001465
29.466602325439453
29.1745662689209
28.681884765625
28.122173309326172
28.497011184692383
29.322742462158203
26.720359802246094
28.457374572753906
27.91986846923828
29.667133331298828
31.493453979492188
27.973264694213867
28.8286190032959
29.82309341430664
27.571701049804688
30.537349700927734
30.887767791748047
30.357410430908203
29.5748233795166
27.913516998291016
29.485271453857422
27.72672462463379
29.75071907043457
30.01712989807129
29.900196075439453
29.36044692993164
27.814916610717773
29.89940071105957
28.167627334594727
29.733043670654297
27.997621536254883
28.663944244384766
28.71990203857422
29.69875144958496
27.74329376220703
29.90096664428711
30.48636245727539
28.023700714111328
29.539766311645508
29.98760223388672
28.951519012451172
30.853954315185547
29.494243621826172
28.382272720336914
28.101789474487305
27.786802291870117
27.794485092163086
28.360803604125977
29.44607162475586
26.83674430847168
29.502178192138672
29.51241111755371
29.92115592956543
29.692832946777344
30.001888275146484
27.291189193725586
29.387039184570312
27.34825897216797
28.185699462890625
28.565706253051758
28.81526756286621
28.538471221923828
29.504186630249023
27.922779083251953
26.653263092041016
28.021648406982422
29.221736907958984
28.486862182617188
29.3126277923584
29.531455993652344
30.683216094970703
26.924575805664062
29.77096176147461
30.088821411132812
27.907068252563477
25.422584533691406
28.00469970703125
28.250415802001953
27.04827880859375
28.599746704101562
28.18358612060547
28.595535278320312
29.21350860595703
28.797210693359375
28.975831985473633
26.735261917114258
28.326231002807617
29.43564796447754
27.608320236206055
27.56017303466797
28.666357040405273
26.901535034179688
27.785863876342773
29.47960662841797
27.66609001159668
28.534652709960938
28.798311233520508
29.795019149780273
25.659637451171875
27.750024795532227
27.3427677154541
27.383617401123047
28.004695892333984
26.877561569213867
27.707298278808594
29.261423110961914
26.942201614379883
28.761415481567383
28.264734268188477
28.63004493713379
28.55652618408203
28.379497528076172
28.44025993347168
27.3887996673584
28.494436264038086
27.859098434448242
28.618953704833984
28.273906707763672
26.91045379638672
30.12055206298828
26.879947662353516
27.176916122436523
29.986183166503906
24.468727111816406
26.46519660949707
27.550125122070312
25.942651748657227
27.961868286132812
27.280885696411133
25.86181640625
27.47614097595215
27.90847396850586
28.374353408813477
27.76958465576172
27.429832458496094
27.032255172729492
28.357315063476562
28.987470626831055
28.85369873046875
27.76923370361328
26.64085578918457
28.883777618408203
27.391685485839844
27.643421173095703
28.411104202270508
28.173084259033203
28.226749420166016
27.54363250732422
28.59687042236328
28.762470245361328
29.342363357543945
27.647687911987305
27.410951614379883
27.430984497070312
27.295835494995117
26.321226119995117
26.1794490814209
26.14636993408203
27.41548728942871
26.72409439086914
27.195863723754883
26.904409408569336
30.27486801147461
27.36005973815918
26.889610290527344
28.37483024597168
27.007665634155273
26.267221450805664
27.683225631713867
27.287086486816406
27.184337615966797
28.650793075561523
27.003854751586914
26.953880310058594
27.08681297302246
26.506080627441406
27.195709228515625
26.838096618652344
26.565431594848633
27.489957809448242
26.861984252929688
25.138671875
24.97087287902832
27.606910705566406
27.078754425048828
27.221031188964844
26.757474899291992
30.19375991821289
27.337873458862305
25.591835021972656
27.845439910888672
25.832069396972656
27.843225479125977
25.561918258666992
27.781848907470703
26.660762786865234
25.7515869140625
27.346073150634766
25.83466911315918
24.62677001953125
26.811912536621094
28.702896118164062
28.136571884155273
26.588293075561523
25.38129234313965
26.441762924194336
27.51456069946289
28.113574981689453
26.29467010498047
27.78289222717285
26.63854217529297
28.468151092529297
26.28200340270996
25.837610244750977
26.8946533203125
27.410785675048828
28.96324348449707
26.674633026123047
26.706748962402344
28.168855667114258
24.364978790283203
26.159099578857422
26.12575912475586
27.45126724243164
26.560928344726562
27.344987869262695
27.188480377197266
27.479206085205078
26.898244857788086
27.480175018310547
25.603050231933594
27.36008644104004
25.88068962097168
26.683576583862305
26.49407958984375
28.514230728149414
26.584041595458984
27.068920135498047
26.224910736083984
27.091123580932617
26.96385955810547
28.145092010498047
27.926891326904297
28.273649215698242
25.771915435791016
26.43120765686035
28.12147331237793
26.217653274536133
26.668920516967773
25.873680114746094
25.916685104370117
26.07114028930664
26.77487564086914
27.793718338012695
26.031841278076172
26.631874084472656
26.50567054748535
26.81307029724121
26.037450790405273
27.22614860534668
24.810426712036133
27.566814422607422
24.254413604736328
26.8778076171875
26.526653289794922
26.256832122802734
26.75448226928711
25.22297477722168
26.625869750976562
24.709083557128906
25.407106399536133
26.508264541625977
26.594932556152344
27.643314361572266
26.731300354003906
25.11116600036621
24.069643020629883
27.064857482910156
26.00351333618164
25.540979385375977
25.025531768798828
25.43263053894043
24.89783477783203
24.078041076660156
25.916311264038086
26.93685531616211
26.47568702697754
23.779014587402344
27.767414093017578
25.736446380615234
25.010906219482422
23.727657318115234
26.215415954589844
27.47641944885254
25.882944107055664
25.142839431762695
25.945716857910156
27.97350311279297
26.60826301574707
27.028703689575195
24.989477157592773
26.280311584472656
26.528467178344727
25.501880645751953
27.119585037231445
25.79755210876465
24.828229904174805
25.929996490478516
26.109342575073242
25.341777801513672
24.685457229614258
26.207643508911133
23.806659698486328
26.074337005615234
27.04753875732422
25.41936492919922
26.595327377319336
23.988910675048828
23.873668670654297
26.534181594848633
25.70317268371582
25.920164108276367
23.759008407592773
26.37744140625
26.450157165527344
26.144094467163086
26.32160186767578
25.861225128173828
26.05665397644043
26.760578155517578
25.84928321838379
26.55479621887207
27.827905654907227
24.335323333740234
25.441184997558594
26.077051162719727
27.116561889648438
26.426551818847656
25.175888061523438
25.283716201782227
25.652250289916992
24.689769744873047
25.480602264404297
26.512014389038086
26.02301597595215
25.095508575439453
24.266544342041016
25.21106719970703
24.994482040405273
25.445819854736328
25.348615646362305
24.663410186767578
25.108924865722656
26.489349365234375
27.114843368530273
25.391632080078125
23.5610408782959
24.640710830688477
24.275497436523438
23.640029907226562
26.448253631591797
24.54629135131836
24.304183959960938
24.831003189086914
25.336292266845703
24.342527389526367
26.01152801513672
25.04941177368164
25.263263702392578
25.14963150024414
25.37972068786621
26.636768341064453
24.931255340576172
24.65793228149414
24.164424896240234
25.487171173095703
25.833824157714844
24.884273529052734
26.102455139160156
27.058204650878906
23.71573829650879
25.193439483642578
23.278165817260742
23.258359909057617
26.24309539794922
25.301502227783203
25.129600524902344
25.597328186035156
25.640026092529297
25.0146484375
25.519577026367188
24.768314361572266
25.453147888183594
24.234355926513672
26.070262908935547
24.39813804626465
24.760011672973633
22.921825408935547
26.003170013427734
24.322708129882812
25.123828887939453
25.365276336669922
23.416404724121094
23.664892196655273
26.308706283569336
23.89407730102539
25.948488235473633
23.267824172973633
24.52090072631836
25.008304595947266
25.43363380432129
25.97381019592285
23.853641510009766
24.126890182495117
25.947864532470703
24.177425384521484
24.371421813964844
26.559825897216797
25.393726348876953
25.079448699951172
26.16628074645996
23.221935272216797
25.775314331054688
26.54370880126953
24.02669334411621
23.95448875427246
22.776927947998047
24.44192123413086
23.800983428955078
23.896581649780273
24.882274627685547
24.361902236938477
23.914600372314453
25.089645385742188
22.42852210998535
25.23685073852539
24.20581817626953
25.605928421020508
24.78268814086914
23.48617172241211
25.19333267211914
23.58440399169922
23.723297119140625
23.050500869750977
24.45555877685547
23.801122665405273
23.27897834777832
24.928802490234375
23.98467254638672
25.087844848632812
24.076265335083008
22.829713821411133
24.924968719482422
25.231292724609375
25.569883346557617
23.221738815307617
23.932035446166992
25.473129272460938
23.065366744995117
24.040023803710938
23.656923294067383
25.216205596923828
24.897674560546875
24.041667938232422
23.471912384033203
23.14714813232422
22.34012794494629
24.14371681213379
23.898183822631836
24.659082412719727
25.083038330078125
25.59426498413086
24.817909240722656
24.617759704589844
24.569780349731445
25.177078247070312
24.14642333984375
23.80113983154297
25.231477737426758
23.258560180664062
24.375377655029297
25.412891387939453
24.572036743164062
22.550500869750977
24.74087905883789
24.247709274291992
24.71689224243164
24.57712173461914
23.895824432373047
23.8715763092041
25.04532814025879
24.591938018798828
23.576936721801758
24.605152130126953
24.390527725219727
25.043548583984375
22.765411376953125
23.714582443237305
22.907426834106445
24.070863723754883
23.35434913635254
23.033918380737305
24.206483840942383
24.462282180786133
22.600706100463867
21.87502098083496
24.558738708496094
25.488685607910156
23.91595458984375
26.43293571472168
23.99388313293457
23.64629364013672
23.073923110961914
23.310775756835938
24.061216354370117
23.57657241821289
23.77402687072754
21.929153442382812
24.039310455322266
23.3247013092041
22.66338539123535
24.384767532348633
23.7614688873291
22.238370895385742
22.70431900024414
24.61831283569336
23.277503967285156
24.022632598876953
23.047977447509766
24.534536361694336
24.94004249572754
23.009082794189453
24.290327072143555
23.318681716918945
26.670339584350586
23.659730911254883
22.088165283203125
24.626686096191406
23.96240997314453
27.02240753173828
23.979488372802734
22.526470184326172
22.8384952545166
23.887849807739258
22.513751983642578
22.66524887084961
24.892236709594727
25.541467666625977
23.287561416625977
22.95914077758789
24.42306900024414
23.247413635253906
24.251182556152344
22.719924926757812
24.894630432128906
22.56772804260254
23.97617530822754
23.031618118286133
23.73688507080078
22.690860748291016
22.34433364868164
23.53792381286621
22.651729583740234
23.575485229492188
22.942039489746094
24.874387741088867
22.770671844482422
23.661468505859375
23.427989959716797
23.382131576538086
23.66632080078125
23.382402420043945
23.090925216674805
21.559345245361328
22.929649353027344
22.387792587280273
21.556964874267578
23.879112243652344
22.75978660583496
22.625036239624023
22.03927993774414
24.900638580322266
22.408540725708008
22.760330200195312
24.65558433532715
22.252033233642578
23.873537063598633
22.55929183959961
23.42580223083496
22.681774139404297
23.39165687561035
25.226627349853516
23.703075408935547
26.169565200805664
23.8335018157959
23.3769474029541
25.742015838623047
24.276567459106445
23.683849334716797
21.819881439208984
22.449668884277344
23.857275009155273
22.55892562866211
23.014196395874023
22.081647872924805
23.83712387084961
20.854217529296875
23.34191131591797
22.608280181884766
24.122386932373047
22.568431854248047
23.12809944152832
22.506683349609375
22.313634872436523
22.793373107910156
22.694717407226562
22.427040100097656
22.172025680541992
22.980899810791016
23.727102279663086
25.03561019897461
21.072528839111328
22.10791778564453
22.815523147583008
23.321014404296875
22.572107315063477
22.546998977661133
22.616153717041016
23.33567237854004
23.859663009643555
24.285612106323242
21.34522247314453
22.007293701171875
22.18365478515625
23.39017105102539
24.838768005371094
22.57067108154297
22.82961654663086
22.670961380004883
22.721309661865234
22.35378646850586
22.793113708496094
25.39440155029297
22.353252410888672
23.54669761657715
22.864866256713867
20.991924285888672
23.073402404785156
22.790334701538086
22.4569149017334
21.635656356811523
22.824819564819336
22.20570945739746
23.048246383666992
21.276735305786133
23.510889053344727
19.781646728515625
23.080846786499023
21.36699104309082
23.945846557617188
22.233373641967773
22.62429428100586
24.40719223022461
22.725833892822266
22.737327575683594
21.589937210083008
22.2514591217041
22.037206649780273
24.2386531829834
23.999425888061523
22.429780960083008
23.608854293823242
21.525598526000977
22.75876808166504
21.964426040649414
21.903879165649414
22.041091918945312
23.20783805847168
21.135845184326172
22.4563045501709
22.19289207458496
22.615806579589844
23.10429573059082
22.580638885498047
21.509159088134766
21.572973251342773
21.410547256469727
21.081317901611328
20.89423370361328
22.960678100585938
22.27564811706543
21.51796531677246
22.875761032104492
22.25416374206543
24.0450439453125
21.834850311279297
22.592729568481445
22.546588897705078
22.807981491088867
21.85525131225586
22.963274002075195
23.925270080566406
21.534896850585938
22.633541107177734
22.942764282226562
24.15884017944336
22.115741729736328
20.88071632385254
22.156112670898438
21.797588348388672
24.20319366455078
23.60553741455078
22.22008514404297
22.965335845947266
22.040088653564453
23.593521118164062
21.873830795288086
22.919342041015625
22.445158004760742
21.92940330505371
21.96870994567871
22.62723731994629
23.634117126464844
20.977611541748047
21.082040786743164
22.613462448120117
22.612987518310547
21.01764678955078
22.611812591552734
21.61742401123047
21.09408950805664
19.232681274414062
22.43724822998047
21.441123962402344
22.648174285888672
21.704317092895508
21.56654167175293
20.518577575683594
22.086118698120117
22.1799373626709
21.998746871948242
23.07082176208496
21.317584991455078
22.645845413208008
20.714580535888672
21.71126937866211
20.10749053955078
21.414003372192383
20.661874771118164
20.80359649658203
21.28195571899414
20.901121139526367
22.965946197509766
22.365625381469727
21.180381774902344
21.62274932861328
20.48271942138672
21.12314796447754
21.525135040283203
21.677249908447266
23.459739685058594
20.80936622619629
22.0487060546875
19.37944793701172
23.61681365966797
22.65679168701172
23.68507194519043
20.167266845703125
19.97164535522461
24.03546142578125
22.163007736206055
22.468549728393555
20.97235870361328
22.66779136657715
22.514833450317383
22.780733108520508
22.18044662475586
23.731603622436523
21.480491638183594
21.807315826416016
22.628376007080078
21.034297943115234
21.290319442749023
19.974544525146484
20.794641494750977
20.65495491027832
21.338991165161133
21.628990173339844
22.665393829345703
21.287879943847656
22.525598526000977
20.893444061279297
21.753459930419922
23.224233627319336
20.79404640197754
21.947729110717773
20.289384841918945
20.512775421142578
21.619173049926758
21.283794403076172
23.1326904296875
21.063793182373047
20.268482208251953
23.4591121673584
20.360015869140625
19.821226119995117
23.133708953857422
20.273117065429688
21.057903289794922
22.633079528808594
20.739473342895508
20.94886016845703
19.346254348754883
21.656524658203125
20.72623062133789
18.98564910888672
21.59795570373535
19.384380340576172
22.874736785888672
20.181438446044922
20.08913230895996
19.75646209716797
22.03768539428711
21.351463317871094
21.339101791381836
21.116239547729492
21.37928581237793
22.4854679107666
21.096805572509766
19.996543884277344
20.646883010864258
22.32866668701172
22.107576370239258
21.02377700805664
20.95372772216797
22.313617706298828
21.029008865356445
21.323867797851562
24.101613998413086
21.488718032836914
21.806381225585938
20.197681427001953
21.202159881591797
20.126724243164062
21.11180305480957
21.659013748168945
21.346435546875
21.65863800048828
20.850196838378906
22.107145309448242
20.793081283569336
22.270362854003906
20.442035675048828
19.99997329711914
22.643413543701172
20.225669860839844
18.868650436401367
20.529077529907227
21.09174919128418
22.08448600769043
20.396867752075195
20.628196716308594
21.025238037109375
20.653583526611328
21.689720153808594
19.543811798095703
21.733549118041992
20.73173713684082
21.25412368774414
20.647483825683594
20.995086669921875
19.178258895874023
20.961488723754883
21.357980728149414
20.803585052490234
22.83457374572754
21.5959529876709
20.758892059326172
18.901351928710938
21.264774322509766
21.199642181396484
20.44852066040039
21.881980895996094
21.863929748535156
20.18328094482422
21.73213005065918
21.658254623413086
20.880573272705078
19.840330123901367
20.56720542907715
22.4732723236084
20.337230682373047
21.397754669189453
20.132970809936523
21.83466339111328
19.438573837280273
19.062837600708008
19.839344024658203
21.716577529907227
19.79543113708496
21.983131408691406
18.820777893066406
21.1622257232666
21.659975051879883
21.70163345336914
20.70354461669922
21.201534271240234
20.723007202148438
20.845016479492188
20.509998321533203
20.43259620666504
19.532480239868164
20.891143798828125
20.18318748474121
19.009828567504883
17.915771484375
20.007497787475586
20.557781219482422
21.287508010864258
21.348466873168945
21.535226821899414
20.535993576049805
20.733699798583984
20.29880142211914
19.15424919128418
19.90296745300293
20.307342529296875
19.715234756469727
20.09728240966797
20.43568992614746
21.126672744750977
20.719999313354492
20.960432052612305
20.455745697021484
21.425275802612305
20.92449378967285
21.039491653442383
20.42030143737793
20.656755447387695
19.25053596496582
20.858612060546875
21.076448440551758
22.13584327697754
19.478389739990234
20.90592384338379
20.083816528320312
22.418842315673828
20.341236114501953
19.641433715820312
19.61469268798828
20.46132469177246
19.651222229003906
20.547142028808594
21.30192756652832
20.962993621826172
19.6804256439209
21.456981658935547
20.51592254638672
23.86288833618164
19.35041618347168
20.253501892089844
19.409841537475586
20.250125885009766
19.726032257080078
19.274599075317383
20.0191593170166
20.595998764038086
20.98299789428711
20.394594192504883
20.590784072875977
20.5699462890625
19.39293670654297
19.68214988708496
21.271072387695312
20.507843017578125
19.85045623779297
20.713184356689453
20.24304962158203
18.49475860595703
21.729707717895508
19.166107177734375
19.174768447875977
21.583127975463867
18.044424057006836
19.428712844848633
20.24736976623535
19.63370704650879
21.370647430419922
19.70429801940918
21.301538467407227
20.452463150024414
19.209095001220703
19.947538375854492
18.94050407409668
20.485246658325195
18.79922866821289
19.98265838623047
19.596960067749023
20.490562438964844
19.585182189941406
18.882600784301758
20.743284225463867
20.823944091796875
19.800085067749023
20.710289001464844
19.203296661376953
20.599454879760742
18.805219650268555
19.640172958374023
21.919963836669922
19.609088897705078
18.860076904296875
19.455974578857422
19.802200317382812
18.764549255371094
19.617847442626953
17.450971603393555
17.574199676513672
19.583818435668945
19.35739517211914
19.020830154418945
21.623422622680664
22.921390533447266
20.033294677734375
21.930923461914062
20.036489486694336
20.280187606811523
20.894393920898438
19.744998931884766
21.069122314453125
19.75470733642578
19.297317504882812
19.469863891601562
18.91935920715332
18.43224334716797
19.858417510986328
20.6036376953125
21.63922119140625
18.530500411987305
21.729476928710938
19.841873168945312
19.72878646850586
21.710357666015625
19.322507858276367
17.93192481994629
18.83758544921875
18.782501220703125
20.44917106628418
19.559946060180664
20.246402740478516
21.04613494873047
18.314403533935547
20.939353942871094
20.136131286621094
18.16164207458496
17.94211769104004
19.160938262939453
19.800029754638672
20.149656295776367
18.461669921875
20.14069175720215
19.41234016418457
21.779048919677734
20.51580238342285
19.175195693969727
18.87115478515625
20.36859893798828
18.03165054321289
19.689523696899414
19.806690216064453
17.898235321044922
19.208450317382812
19.138065338134766
18.674081802368164
17.685300827026367
18.884916305541992
18.71737289428711
19.642417907714844
19.434043884277344
19.032207489013672
18.183542251586914
19.82510757446289
20.177661895751953
18.571544647216797
19.821456909179688
20.974910736083984
18.390186309814453
18.89699363708496
20.68069076538086
20.759902954101562
20.781314849853516
19.439401626586914
19.757219314575195
20.97216033935547
20.753768920898438
20.10084342956543
19.850608825683594
20.026397705078125
18.385324478149414
18.885908126831055
18.884292602539062
20.58831024169922
17.694957733154297
18.630084991455078
19.940170288085938
20.94761085510254
21.073240280151367
18.605403900146484
19.406295776367188
19.232791900634766
18.12945556640625
18.454580307006836
18.338014602661133
18.939449310302734
18.670942306518555
18.00794219970703
19.461254119873047
21.334766387939453
18.434696197509766
19.634540557861328
17.327526092529297
18.935283660888672
20.357173919677734
19.66505241394043
19.621368408203125
19.803747177124023
19.325918197631836
18.47452735900879
19.851640701293945
19.14578628540039
18.90692901611328
20.18683433532715
18.562063217163086
18.87284278869629
18.06919288635254
18.24384307861328
21.68260955810547
17.920555114746094
19.888771057128906
18.802366256713867
19.09152603149414
19.0250244140625
19.9058895111084
18.0634822845459
19.664518356323242
18.40321159362793
19.628936767578125
20.439441680908203
18.634233474731445
19.312252044677734
19.17875862121582
20.7470703125
18.179908752441406
18.036396026611328
17.777435302734375
18.68963623046875
18.848289489746094
19.58797264099121
20.139280319213867
20.413681030273438
16.239028930664062
17.32961654663086
19.039716720581055
18.45018768310547
19.077735900878906
18.505321502685547
18.489055633544922
17.17660140991211
19.31974220275879
18.94000244140625
19.021699905395508
18.725496292114258
19.52276039123535
16.927127838134766
18.430437088012695
19.728940963745117
17.591949462890625
19.572189331054688
18.142236709594727
19.035011291503906
17.461589813232422
19.029144287109375
17.61174964904785
18.243282318115234
20.80839729309082
19.24720001220703
19.1879940032959
19.662715911865234
17.981849670410156
19.784381866455078
19.587345123291016
18.024221420288086
18.891122817993164
19.764583587646484
19.42919921875
17.496858596801758
18.630151748657227
17.677051544189453
19.270803451538086
20.649259567260742
20.279111862182617
17.544702529907227
17.736160278320312
19.80023765563965
18.321292877197266
18.723155975341797
19.23155403137207
17.382511138916016
17.660215377807617
18.405269622802734
20.723974227905273
18.2170467376709
19.612781524658203
19.769601821899414
17.53101348876953
18.913698196411133
18.606969833374023
19.84572982788086
18.705150604248047
20.49473762512207
17.96084976196289
17.982128143310547
19.350080490112305
18.643375396728516
19.750818252563477
18.483552932739258
18.64641761779785
19.71677017211914
18.035175323486328
20.241300582885742
19.365211486816406
19.255107879638672
17.093952178955078
16.84794807434082
16.87396240234375
20.74207305908203
17.77976417541504
17.594818115234375
18.029922485351562
18.814897537231445
18.77631378173828
17.50858497619629
16.571640014648438
17.25238037109375
17.856645584106445
18.519542694091797
18.264188766479492
19.164798736572266
17.215423583984375
17.992399215698242
17.976348876953125
18.68617057800293
18.42015266418457
18.12661361694336
18.47031593322754
18.159963607788086
17.390737533569336
17.453493118286133
18.69741439819336
19.152326583862305
19.538297653198242
17.888721466064453
17.4376163482666
18.17572021484375
17.642314910888672
18.51578712463379
18.483877182006836
18.56692123413086
16.259540557861328
18.813446044921875
17.5759220123291
17.989604949951172
18.71595001220703
18.715787887573242
18.302738189697266
17.85858154296875
18.384521484375
17.4051513671875
18.702354431152344
17.870384216308594
18.96788787841797
18.580347061157227
18.358182907104492
17.395912170410156
16.867755889892578
19.013750076293945
18.575942993164062
16.082021713256836
16.741336822509766
19.026058197021484
18.052093505859375
18.587112426757812
19.288724899291992
18.11083984375
17.203292846679688
18.652366638183594
18.33479881286621
17.348939895629883
17.5704345703125
17.15542984008789
19.288345336914062
16.329360961914062
16.918827056884766
18.77315902709961
18.558643341064453
17.82803726196289
19.803813934326172
19.265060424804688
17.682491302490234
17.60873031616211
18.191394805908203
18.8905029296875
16.91021156311035
18.117294311523438
19.1934814453125
18.064603805541992
20.684772491455078
17.88326644897461
20.8179931640625
16.821786880493164
17.752328872680664
17.013776779174805
18.019163131713867
17.43355941772461
17.487655639648438
17.44833755493164
18.105907440185547
18.721405029296875
18.376811981201172
19.111366271972656
17.437149047851562
16.070411682128906
17.646995544433594
17.676130294799805
18.15863037109375
18.307083129882812
17.806793212890625
17.867267608642578
16.65517807006836
18.05483055114746
18.517742156982422
18.77618980407715
18.527204513549805
17.39327621459961
18.375606536865234
17.795469284057617
17.979509353637695
17.714441299438477
17.711505889892578
19.167068481445312
16.986072540283203
18.362464904785156
18.532470703125
17.698444366455078
18.154926300048828
17.820106506347656
19.555740356445312
15.435139656066895
18.46393585205078
16.708194732666016
16.380868911743164
16.184574127197266
16.603153228759766
16.866727828979492
17.095224380493164
17.27648162841797
16.50491714477539
17.830202102661133
17.118335723876953
18.680782318115234
18.89769744873047
16.370149612426758
17.38453483581543
18.750097274780273
17.068998336791992
17.383892059326172
17.461856842041016
16.2797908782959
17.243295669555664
18.24323081970215
17.92840003967285
17.628740310668945
18.575538635253906
18.20047378540039
17.24382209777832
15.825113296508789
18.834524154663086
18.828838348388672
19.68789291381836
17.8286075592041
17.65264129638672
18.312122344970703
18.01219940185547
18.29737663269043
17.966407775878906
17.078889846801758
17.772869110107422
16.175580978393555
18.31540298461914
16.575788497924805
16.755706787109375
17.851552963256836
17.291324615478516
16.754377365112305
18.612911224365234
17.64206886291504
17.81954574584961
16.251928329467773
16.172203063964844
18.08525848388672
18.098854064941406
16.040605545043945
16.557716369628906
17.494464874267578
17.45709800720215
17.1949405670166
17.38279914855957
18.106098175048828
18.128307342529297
18.348011016845703
17.645160675048828
18.14862060546875
18.65151596069336
16.71795082092285
18.166778564453125
17.24611473083496
17.424827575683594
16.357036590576172
16.66580581665039
15.458150863647461
16.528913497924805
18.553699493408203
18.695568084716797
17.420265197753906
16.517292022705078
16.50356101989746
18.99093246459961
17.976051330566406
16.02444076538086
16.226430892944336
16.983858108520508
18.319032669067383
17.01554298400879
18.018625259399414
17.94184112548828
17.387052536010742
18.955509185791016
17.59473991394043
17.05006980895996
18.81017303466797
15.58841609954834
18.478845596313477
17.236408233642578
16.607967376708984
16.245019912719727
15.703254699707031
16.831409454345703
17.8663330078125
17.42422866821289
15.328058242797852
17.079065322875977
17.712207794189453
16.241640090942383
17.298160552978516
18.728931427001953
18.921520233154297
16.001022338867188
18.245874404907227
17.557676315307617
16.666872024536133
17.383222579956055
17.47358512878418
16.656723022460938
14.23386001586914
16.922943115234375
15.929720878601074
19.881088256835938
16.776878356933594
17.185543060302734
18.07525062561035
17.665634155273438
16.525602340698242
15.606176376342773
17.74156951904297
17.582918167114258
16.304622650146484
17.69870948791504
18.402862548828125
17.43040657043457
15.563854217529297
18.754467010498047
17.5301570892334
17.197921752929688
18.57815170288086
16.230796813964844
16.71381378173828
15.762004852294922
18.93349266052246
16.21976661682129
17.319053649902344
15.689773559570312
16.65087127685547
16.41666603088379
17.29109764099121
16.465850830078125
16.2919921875
17.05002212524414
17.188268661499023
17.537233352661133
16.583864212036133
16.546730041503906
18.078231811523438
16.968385696411133
16.29914665222168
17.974889755249023
15.763729095458984
15.509854316711426
16.928436279296875
16.693012237548828
15.417950630187988
