Mean Rank: 200
Mean RR: 0.4776
Hit@1: 0.4203
Hit@3: 0.5065
Hit@5: 0.5350
Hit@10: 0.5673
82.90419006347656
63.874298095703125
55.526241302490234
49.937496185302734
46.301979064941406
43.510868072509766
40.74589920043945
39.45779800415039
34.846595764160156
34.350341796875
32.05004119873047
29.335372924804688
28.502199172973633
25.83026885986328
25.438905715942383
23.81264305114746
22.422306060791016
21.058181762695312
19.969219207763672
19.580154418945312
17.80083465576172
17.23421859741211
16.345800399780273
15.692537307739258
14.903244972229004
14.42947769165039
13.719721794128418
12.88412857055664
13.048412322998047
10.563029289245605
10.862051010131836
10.714709281921387
10.221693992614746
9.908403396606445
9.439423561096191
9.217114448547363
9.012221336364746
8.695570945739746
8.340235710144043
8.18312931060791
8.00084400177002
7.921992301940918
7.670497894287109
7.226495265960693
7.603972434997559
7.316495418548584
6.920374393463135
6.791292190551758
6.452669143676758
6.53741979598999
6.274450302124023
6.410311698913574
6.436068058013916
6.370510101318359
6.38424015045166
6.396059513092041
6.271838188171387
6.135406017303467
5.6429009437561035
5.622316360473633
5.423084259033203
5.239534378051758
5.24859619140625
5.134642124176025
5.145461082458496
4.994060516357422
4.90883731842041
4.9770026206970215
5.025001049041748
4.9370293617248535
4.902661323547363
5.102466583251953
4.704424858093262
4.7879719734191895
4.557597637176514
4.595439910888672
4.629329204559326
4.229963779449463
4.460726737976074
4.32880163192749
4.428904056549072
4.278448104858398
4.2172651290893555
3.938326835632324
3.9835922718048096
3.9423203468322754
3.958425760269165
3.7699100971221924
3.9500327110290527
3.9736733436584473
3.8684632778167725
4.124402046203613
3.7216858863830566
3.794832944869995
3.8783411979675293
3.773906946182251
3.7266478538513184
3.715451240539551
3.6106996536254883
3.798137903213501
3.4695730209350586
3.564018487930298
3.6898181438446045
3.462836742401123
3.3939900398254395
3.3918349742889404
3.3728725910186768
3.5062060356140137
3.6374340057373047
3.3757832050323486
3.2890141010284424
3.206589460372925
3.0369348526000977
3.1014928817749023
3.0189387798309326
2.962597131729126
2.9011404514312744
2.7610228061676025
2.678628444671631
2.7149457931518555
2.771657943725586
2.803524971008301
2.712509870529175
2.901728630065918
2.9385910034179688
3.026480197906494
3.0421390533447266
2.9284300804138184
2.907400369644165
3.02170467376709
2.8765077590942383
2.749114513397217
2.754295587539673
2.5695974826812744
2.7413246631622314
2.6986632347106934
2.5917375087738037
2.4551210403442383
2.538102149963379
2.556260347366333
2.480471611022949
2.4349708557128906
2.630877733230591
2.6636698246002197
2.3804070949554443
2.3966293334960938
2.4382946491241455
2.50186824798584
2.5110249519348145
2.514388084411621
2.4774982929229736
2.5354557037353516
2.5443432331085205
2.463067054748535
2.6059069633483887
2.482675075531006
2.490950584411621
2.376661539077759
2.3805582523345947
2.4584414958953857
2.380729913711548
2.3327646255493164
2.262852907180786
2.2786293029785156
2.399327516555786
2.207547426223755
2.267313003540039
2.200028657913208
2.184323787689209
2.17268967628479
2.1685123443603516
2.2255961894989014
2.128620147705078
2.0611069202423096
2.0136172771453857
2.0135843753814697
1.9032158851623535
2.183068037033081
1.999479055404663
2.06257963180542
2.0331969261169434
1.9932677745819092
1.995444655418396
1.9839521646499634
2.0560271739959717
2.0464818477630615
2.106621026992798
2.030322313308716
2.078111410140991
2.005505084991455
2.0407931804656982
2.18867826461792
2.059265375137329
2.0069756507873535
2.1233441829681396
2.052680253982544
1.9853981733322144
2.115492820739746
2.118506908416748
2.099747657775879
2.0072126388549805
2.034088373184204
1.8563604354858398
1.8478918075561523
2.0330770015716553
1.9197309017181396
2.003445625305176
1.9893873929977417
2.032097339630127
2.0752108097076416
1.9576209783554077
1.8183047771453857
1.9160720109939575
1.9366892576217651
2.0106608867645264
1.9171799421310425
1.9407641887664795
1.9406253099441528
1.848095178604126
1.7309750318527222
1.8781003952026367
1.952113151550293
1.9239373207092285
1.9118444919586182
2.0387158393859863
1.888048529624939
1.9732344150543213
1.9569634199142456
1.9695814847946167
1.9103065729141235
1.9248082637786865
1.8633594512939453
2.0339837074279785
1.7906516790390015
1.8456207513809204
1.6992675065994263
1.6629481315612793
1.7555657625198364
1.6230733394622803
1.7370039224624634
1.656582236289978
1.6465891599655151
1.6040064096450806
1.6261963844299316
1.5921727418899536
1.5398186445236206
1.5832841396331787
1.5888268947601318
1.604038119316101
1.5264177322387695
1.5756503343582153
1.5377488136291504
1.5786153078079224
1.594849944114685
1.615849256515503
1.4949963092803955
1.5855995416641235
1.48762047290802
1.4777534008026123
1.4418493509292603
1.4992631673812866
1.31648850440979
1.2857880592346191
1.3448634147644043
1.2604330778121948
1.2518255710601807
1.2714855670928955
1.2223787307739258
1.2221161127090454
1.173575520515442
1.3647128343582153
1.1921826601028442
1.1301977634429932
1.159424066543579
1.1527618169784546
1.1440420150756836
1.087918758392334
1.1431854963302612
1.2047104835510254
1.1329411268234253
1.154019832611084
1.271498441696167
1.146838903427124
1.0903284549713135
1.2110960483551025
1.1426752805709839
1.0866804122924805
1.1139830350875854
1.1380603313446045
1.1106709241867065
1.0713293552398682
1.036257266998291
1.201748013496399
1.0284302234649658
1.1043766736984253
1.0034123659133911
1.0203382968902588
1.0658769607543945
1.2046254873275757
1.033447265625
1.0860401391983032
1.0348814725875854
1.0528239011764526
1.0570015907287598
1.0170131921768188
1.0267502069473267
1.0406172275543213
1.0596295595169067
1.0374327898025513
0.9933851957321167
1.1114544868469238
1.030948519706726
1.0482265949249268
1.0262291431427002
1.0268744230270386
1.0884580612182617
1.1234807968139648
0.9938334822654724
1.037224531173706
0.9555057883262634
0.9958469271659851
1.0043514966964722
1.0800830125808716
0.96193927526474
0.9336887001991272
1.0000312328338623
1.0079964399337769
1.069566249847412
1.0679881572723389
0.9658129215240479
0.9443272352218628
0.9763613939285278
0.9325872659683228
0.9720597863197327
0.9898567199707031
0.9669156670570374
0.9641081094741821
1.0778429508209229
0.9468551278114319
0.9895855784416199
0.9570804834365845
1.0596481561660767
0.9548958539962769
0.9238482117652893
0.9565882086753845
0.979285717010498
1.0816316604614258
0.9613037705421448
0.9942402839660645
0.8863316774368286
0.9191359281539917
1.125299334526062
0.9575309753417969
0.9378783106803894
0.9282486438751221
0.9229626655578613
0.9446285367012024
0.9068726897239685
0.8901573419570923
0.9640213251113892
0.9432376027107239
0.9168770909309387
0.9326688051223755
0.9492431282997131
0.9286566972732544
0.9075311422348022
0.8968492150306702
0.8995747566223145
0.9130535125732422
0.8723183274269104
1.089219570159912
1.0954585075378418
0.9622370004653931
0.8997949957847595
0.9573900103569031
0.9214186072349548
0.8907625079154968
0.8560481071472168
0.9023736119270325
0.8741445541381836
0.9539466500282288
0.9078898429870605
0.8561481833457947
0.9404903054237366
0.9663422107696533
0.869685709476471
0.89618980884552
0.9370526075363159
0.8462313413619995
0.8714976906776428
0.8752284049987793
0.8853310942649841
0.8399093151092529
0.893189013004303
0.8970685005187988
0.8953216075897217
0.8820594549179077
0.8610466718673706
0.960690975189209
0.8816151022911072
0.8854065537452698
0.9473171234130859
0.8383851051330566
0.868908166885376
0.8287537693977356
0.8428367376327515
0.8110617399215698
0.8188038468360901
1.0080090761184692
0.8235447406768799
0.8154124617576599
0.9158228635787964
0.8918576240539551
0.8219287991523743
0.8582223653793335
0.7895727157592773
0.8929634094238281
0.8366110324859619
0.8237655758857727
0.8129987120628357
0.8593806624412537
0.8488710522651672
0.9286734461784363
0.9421937465667725
0.8164501190185547
0.8223201036453247
0.8460721969604492
0.8216680288314819
0.9095762968063354
0.8428977131843567
0.8431932330131531
0.830851674079895
0.841241180896759
0.8267011642456055
0.8495061993598938
0.7830703854560852
0.8577612042427063
0.8865953087806702
0.8415185213088989
0.8011577725410461
0.8025966882705688
0.7802221775054932
0.8039135932922363
0.8063515424728394
0.9148047566413879
0.8234572410583496
0.8175836205482483
0.7573341131210327
0.7820389270782471
0.8072066307067871
0.7757404446601868
0.8092096447944641
0.9095777869224548
0.7968220710754395
0.917993426322937
0.794452965259552
0.8812404870986938
0.7880951166152954
0.764526903629303
0.7750638723373413
0.8249587416648865
0.7973607778549194
0.8123298287391663
0.8137585520744324
0.7481201887130737
0.7474509477615356
0.7475694417953491
0.725182831287384
0.791008710861206
0.796281099319458
0.8788503408432007
0.7492541074752808
0.7947264909744263
0.7995108366012573
0.7906250953674316
0.8266806602478027
0.7744333148002625
0.7563057541847229
0.7979354858398438
0.893599808216095
0.7549664378166199
0.8934838771820068
0.7267094850540161
0.8831125497817993
0.7579541802406311
0.768799901008606
0.7316609025001526
0.7603944540023804
0.7694968581199646
0.7471118569374084
0.9373480081558228
0.7695838212966919
0.7718186378479004
0.7314361333847046
0.7208116054534912
0.7145182490348816
0.8352228403091431
0.748073935508728
0.8211215734481812
0.7316150665283203
0.7075589895248413
0.7642033100128174
0.8602487444877625
0.7433192133903503
0.7095441818237305
0.7498779296875
0.7657261490821838
0.7323811054229736
0.8244941234588623
0.7232186794281006
0.7306353449821472
0.769544243812561
0.8013489842414856
0.7200828790664673
0.7098144888877869
0.7465825080871582
0.767794132232666
0.860373854637146
0.766037106513977
0.851610541343689
0.7460271716117859
0.7226774096488953
0.707230806350708
0.7361833453178406
0.8284773826599121
0.8301522135734558
0.8258674740791321
0.7020463943481445
0.7366061806678772
0.7207271456718445
0.7335440516471863
0.7107630968093872
0.715282142162323
0.7105870842933655
0.726564347743988
0.7187899351119995
0.7354976534843445
0.6834173202514648
0.8210345506668091
0.750344455242157
0.7076900005340576
0.7376697063446045
0.715704083442688
0.8342467546463013
0.7439420819282532
0.7517054080963135
0.7536362409591675
0.7342972755432129
0.8492527008056641
0.6968405246734619
0.7393418550491333
0.7485084533691406
0.6897825598716736
0.6876027584075928
0.6786351203918457
0.7034426927566528
0.6762174367904663
0.6920857429504395
0.702360987663269
0.678799033164978
0.8212292194366455
0.7972504496574402
0.7135845422744751
0.7061400413513184
0.7184663414955139
0.7022304534912109
0.7073562145233154
0.6939046382904053
0.7132997512817383
0.7923285365104675
0.6978236436843872
0.7050739526748657
0.69999098777771
0.7384145259857178
0.7215380668640137
0.7357461452484131
0.8092011213302612
0.701637327671051
0.8021198511123657
0.6844502687454224
0.654787003993988
0.7459456324577332
0.6528130769729614
0.6735172271728516
0.6822408437728882
0.7055344581604004
0.6916412115097046
0.7182646989822388
0.7838734984397888
0.8022556900978088
0.8235662579536438
0.6907203793525696
0.7080026268959045
0.6844351887702942
0.7033142447471619
0.6970770359039307
0.6683840155601501
0.6712596416473389
0.8020089268684387
0.7310065031051636
0.7052291035652161
0.6517301797866821
0.7087879776954651
0.701884388923645
0.7086825370788574
0.7780141234397888
0.6769109964370728
0.7087252736091614
0.6882486343383789
0.7710195183753967
0.7414957284927368
0.6629389524459839
0.6624348163604736
0.6538474559783936
0.6562628746032715
0.6704893708229065
0.705512523651123
0.6695019602775574
0.6691937446594238
0.7699995636940002
0.6652059555053711
0.6850395202636719
0.661724328994751
0.6575897932052612
0.6865953207015991
0.6632245182991028
0.6803156137466431
0.6578100919723511
0.680255651473999
0.6751604080200195
0.8021841645240784
0.6794745922088623
0.7081174850463867
0.675205647945404
0.8560054898262024
0.6718312501907349
0.6728374361991882
0.684929609298706
0.6797701716423035
0.7323209643363953
0.6562098264694214
0.8353927135467529
0.666535496711731
0.6324495077133179
0.6385738849639893
0.676148533821106
0.7483075857162476
0.6698681712150574
0.607483446598053
0.6564257740974426
0.673321545124054
0.682304322719574
0.6839447617530823
0.7625085115432739
0.6475188732147217
0.6266680955886841
0.6556394100189209
0.6900303363800049
0.6783698201179504
0.6786516904830933
0.6694539189338684
0.6498791575431824
0.6707428097724915
0.6750582456588745
0.7709965705871582
0.6876700520515442
0.6827170252799988
0.6571236848831177
0.6169788837432861
0.6335850358009338
0.6456810235977173
0.6442734003067017
0.6429097652435303
0.6450045704841614
0.7303812503814697
0.6332484483718872
0.8665898442268372
0.6723931431770325
0.64841628074646
0.6618809700012207
0.6264551877975464
0.656082272529602
0.7622069120407104
0.7616879940032959
0.6522870063781738
0.658463180065155
0.6347413659095764
0.6732593178749084
0.6659284234046936
0.7516883611679077
0.6816763281822205
0.6515473127365112
0.6386548280715942
0.6343631744384766
0.6398290395736694
0.6479067802429199
0.6108592748641968
0.5905898213386536
0.59150230884552
0.6140276789665222
0.810967206954956
0.636446475982666
0.618133008480072
0.6177549958229065
0.6343252658843994
0.6237238645553589
0.6099795699119568
0.8415431976318359
0.6237561702728271
0.6233023405075073
0.7239839434623718
0.6492070555686951
0.6428846120834351
0.6421512365341187
0.6537491679191589
0.6221104860305786
0.639581561088562
0.639047384262085
0.6516181826591492
0.6517350077629089
0.6693079471588135
0.6143503189086914
0.7502381205558777
0.6544872522354126
0.6339132189750671
0.7181912660598755
0.5930790901184082
0.5851195454597473
0.6354020833969116
0.6254522800445557
0.7162162661552429
0.7388140559196472
0.5947381854057312
0.6122196912765503
0.7153516411781311
0.6487598419189453
0.7369035482406616
0.6380414962768555
0.7382928729057312
0.6423152685165405
0.6193677186965942
0.6542309522628784
0.6337304711341858
0.6180045008659363
0.6229891180992126
0.6400083303451538
0.6391475796699524
0.6336937546730042
0.6389094591140747
0.6340848207473755
0.6164255738258362
0.6513381600379944
0.6197777390480042
0.6503936648368835
0.689183235168457
0.5722703337669373
0.5917313098907471
0.6079908609390259
0.6140797138214111
0.5723333954811096
0.618559718132019
0.6395522952079773
0.6060893535614014
0.5908223986625671
0.6020232439041138
0.7043159008026123
0.6187911629676819
0.6066828966140747
0.6038036346435547
0.640720784664154
0.6305335760116577
0.825162947177887
0.626785397529602
0.6147284507751465
0.7588452100753784
0.6342306733131409
0.6228234171867371
0.6322402358055115
0.633777379989624
0.6243016719818115
0.6047502160072327
0.7251068353652954
0.6145514249801636
0.5776669383049011
0.5783071517944336
0.5605429410934448
0.5922445058822632
0.6031268239021301
0.6767654418945312
0.6042802333831787
0.6889961957931519
0.6222935318946838
0.6039789915084839
0.6180956959724426
0.7428673505783081
0.6123969554901123
0.7313319444656372
0.635814905166626
0.6515551209449768
0.7207139134407043
0.6270285844802856
0.6208842992782593
0.5982763767242432
0.62721848487854
0.6376464366912842
0.6274389624595642
0.6259337067604065
0.6025370955467224
0.5997793674468994
0.7085457444190979
0.6276848912239075
0.598223865032196
0.5636964440345764
0.5681455135345459
0.689185619354248
0.584524393081665
0.6137971878051758
0.5832514762878418
0.5862866044044495
0.578558087348938
0.6032034754753113
0.6023909449577332
0.6961323618888855
0.701500415802002
0.7005246877670288
0.6255813837051392
0.5990529656410217
0.6055967807769775
0.5976107120513916
0.6036118268966675
0.6267015337944031
0.6305667161941528
0.6013432741165161
0.7908503413200378
0.609902560710907
0.592647910118103
0.5952402353286743
0.5954156517982483
0.6202596426010132
0.616415798664093
0.6163319945335388
0.7463256120681763
0.5512232780456543
0.5882310271263123
0.56758052110672
0.6697063446044922
0.5788959264755249
0.6148706674575806
0.5689759254455566
0.6143772602081299
0.5886215567588806
0.5947639346122742
0.5873317718505859
0.618225634098053
0.6104869842529297
0.6838906407356262
0.5968194007873535
0.7069016098976135
0.5997868776321411
0.5945252776145935
0.6078318357467651
0.5943600535392761
0.5804826617240906
0.713271975517273
0.5936433672904968
0.6202393770217896
0.5841077566146851
0.5924149751663208
0.601344108581543
0.6169300675392151
0.641640305519104
0.5675753355026245
0.5388116836547852
0.5603811144828796
0.667170524597168
0.5629246830940247
0.573411762714386
0.5736225247383118
0.6753830909729004
0.583193302154541
0.5635268688201904
0.6016765832901001
0.5818909406661987
0.5809556841850281
0.6938771605491638
0.5841565728187561
0.5611491203308105
0.5869535207748413
0.6839344501495361
0.6115565299987793
0.6038068532943726
0.5968469381332397
0.6175103783607483
0.6985044479370117
0.59275221824646
0.6207066178321838
0.6036227941513062
0.6047643423080444
0.5673224925994873
0.5330281257629395
0.5414572358131409
0.566254198551178
0.647935688495636
0.5325583219528198
0.6530227661132812
0.5882118940353394
0.6283098459243774
0.5878841280937195
0.5817407369613647
0.593270480632782
0.6084274053573608
0.5916925668716431
0.5848552584648132
0.5795343518257141
0.6750798225402832
0.5849069356918335
0.5957670211791992
0.5809407830238342
0.5834302306175232
0.5784638524055481
0.670743465423584
0.6133551001548767
0.5986465215682983
0.7045331597328186
0.6066982746124268
0.5926307439804077
0.6052582263946533
0.598691463470459
0.5658340454101562
0.5484069585800171
0.5448958277702332
0.5265754461288452
0.7523462772369385
0.5392232537269592
0.686909556388855
0.5749518871307373
0.5619357228279114
0.5753141045570374
0.5893973112106323
0.7040199041366577
0.5941997766494751
0.5797045230865479
0.5686824321746826
0.5738979578018188
0.5889031887054443
0.563899040222168
0.6756211519241333
0.5823417901992798
0.5711271166801453
0.5577947497367859
0.5955936908721924
0.5881263613700867
0.5672103762626648
0.669650137424469
0.5818048119544983
0.5906832814216614
0.5615209341049194
0.5253631472587585
0.5627151131629944
0.5127152800559998
0.5560778379440308
0.5751317143440247
0.6813333034515381
0.5477199554443359
0.5627049207687378
0.5760972499847412
0.5578321814537048
0.5656949281692505
0.5624223947525024
0.5835385918617249
0.5657157897949219
0.6734209656715393
0.5393928289413452
0.553120493888855
0.573928952217102
0.5593224167823792
0.6763227581977844
0.5819462537765503
0.6786072850227356
0.5686691403388977
0.5590568780899048
0.5801655054092407
0.585038423538208
0.6757181882858276
0.6662654280662537
0.5417526364326477
0.5305778980255127
0.49542534351348877
0.5369358658790588
0.5447012186050415
0.5450214147567749
0.5452457070350647
0.5184905529022217
0.5630570650100708
0.5608482360839844
0.5439218878746033
0.5536295175552368
0.657204270362854
0.5671175122261047
0.5641155242919922
0.6489744186401367
0.5615509748458862
0.559922993183136
0.5709197521209717
0.5661546587944031
0.5649800896644592
0.6874887347221375
0.6816482543945312
0.5779165625572205
0.5554735064506531
0.6636999249458313
0.5759905576705933
0.6743818521499634
0.5854263305664062
0.575311541557312
0.5250679850578308
0.6242940425872803
0.5284348726272583
0.6407290101051331
0.5413760542869568
0.5317437648773193
0.5513783693313599
0.5759978890419006
0.569475531578064
0.563712477684021
0.5482432842254639
0.5676245093345642
0.543161928653717
0.5905606746673584
0.574246883392334
0.5735759735107422
0.5864041447639465
0.5611810684204102
0.5552133321762085
0.5725226402282715
0.644480288028717
0.5352687835693359
0.5505629777908325
0.571081280708313
0.5563136339187622
0.5653260350227356
0.6605252623558044
0.6650627255439758
0.6671378016471863
0.5316218733787537
0.5218824744224548
0.6242901086807251
0.6243230700492859
0.518703818321228
0.529816210269928
0.5640314817428589
0.5236102342605591
0.5294443964958191
0.5598320960998535
0.5623151063919067
0.5473283529281616
0.6605358123779297
0.5456326603889465
0.5413247346878052
0.5553132891654968
0.5369571447372437
0.6366530656814575
0.5749732851982117
0.5457813739776611
0.5661760568618774
0.7317878007888794
0.5535174012184143
0.5464053153991699
0.5697892308235168
0.5592917799949646
0.5801802277565002
0.5796405076980591
0.5563311576843262
0.5096855163574219
0.6071394085884094
0.5347585678100586
0.5246456265449524
0.5258749723434448
0.5438216924667358
0.5219627618789673
0.5300812721252441
0.5611408948898315
0.5509009957313538
0.5502128601074219
0.5656856894493103
0.662616491317749
0.6549521088600159
0.5380853414535522
0.5445420145988464
0.5511300563812256
0.5493059158325195
0.5643085241317749
0.5439589619636536
0.7330642938613892
0.5431115627288818
0.5594897270202637
0.5409598350524902
0.6557408571243286
0.5537923574447632
0.5457161068916321
0.5746241211891174
0.5504899024963379
0.5109472274780273
0.5139379501342773
0.5084728002548218
0.7182937860488892
0.5216031670570374
0.5309313535690308
0.5358045101165771
0.5410994291305542
0.5588951110839844
0.550822377204895
0.6360619068145752
0.5336849689483643
0.5528357028961182
0.5748170018196106
0.5626663565635681
0.6460315585136414
0.5259280800819397
0.5475341081619263
0.5453205108642578
0.5802229046821594
0.5659096240997314
0.574105441570282
0.5315397381782532
0.5514090061187744
0.560531735420227
0.5455724596977234
0.6466645002365112
0.6393348574638367
0.5570747256278992
0.492159903049469
0.5117650032043457
0.5191032886505127
0.5214399099349976
0.5253522992134094
0.5274437069892883
0.536773681640625
0.64112389087677
0.5306780934333801
0.6265857219696045
0.6067670583724976
0.557934045791626
0.6356731653213501
0.5366526246070862
0.5512669086456299
0.5657572746276855
0.5828243494033813
0.5459150671958923
0.5391836166381836
0.5181920528411865
0.5382133722305298
0.5440955758094788
0.5466104745864868
0.5717196464538574
0.6434534788131714
0.561215877532959
0.549973726272583
0.6503345966339111
0.5455712676048279
0.490683913230896
0.5031954050064087
0.49990540742874146
0.5269354581832886
0.638852596282959
0.5260440111160278
0.5094605684280396
0.5534206628799438
0.5299450159072876
0.527972936630249
0.6211763024330139
0.5288152694702148
0.5380570292472839
0.5359048247337341
0.548382043838501
0.5535386204719543
0.6596657037734985
0.5144340991973877
0.6474584937095642
0.5446001887321472
0.6294735670089722
0.5771673917770386
0.5520634651184082
0.5331668853759766
0.5400999784469604
0.5449153184890747
0.5324036478996277
0.5266794562339783
0.601020336151123
0.49245357513427734
0.5233162641525269
0.5077940821647644
0.5007677674293518
0.5110907554626465
0.5128206014633179
0.5917325615882874
0.6016225218772888
0.5371286273002625
0.5486679673194885
0.6353621482849121
0.514509379863739
0.5429969429969788
0.5133785009384155
0.5333872437477112
0.514647364616394
0.5289697647094727
0.5450546741485596
0.551430881023407
0.5436305999755859
0.5039740204811096
0.5422137975692749
0.5461674332618713
0.551029622554779
0.5413582921028137
0.6398270130157471
0.6494967937469482
0.5458424687385559
0.6312400102615356
0.4984150230884552
0.5002392530441284
0.6961787343025208
0.49215269088745117
0.5142980813980103
0.5071475505828857
0.5245091915130615
0.4993134140968323
0.5154368877410889
0.504335880279541
0.5258992314338684
0.5225042700767517
0.5448045134544373
0.6314054131507874
0.553356409072876
0.5291256904602051
0.5177679657936096
0.6565696597099304
0.5440956354141235
0.536360502243042
0.556601881980896
0.5515400171279907
0.6035483479499817
0.5374224781990051
0.5265783667564392
0.5346148610115051
0.5470105409622192
0.5360472202301025
0.6334941983222961
0.4693636894226074
0.474807471036911
0.6151643991470337
0.5095298290252686
0.7128478288650513
0.5131745934486389
0.5340738296508789
0.5322190523147583
0.4994894862174988
0.51698237657547
0.5118346214294434
0.5248810648918152
0.7231744527816772
0.5035346746444702
0.5387977361679077
0.5292559266090393
0.5258796215057373
0.5312551259994507
0.5417518019676208
0.5166281461715698
0.5497597455978394
0.5415791869163513
0.6407345533370972
0.5171673893928528
0.5454811453819275
0.5172470808029175
0.5342772603034973
0.5290442109107971
0.5336098670959473
0.47612127661705017
0.4599192440509796
0.47826898097991943
0.5959193706512451
0.49445921182632446
0.5099884867668152
0.4994681775569916
0.5118728876113892
0.6225296854972839
0.5227415561676025
0.5072190761566162
0.5160636901855469
0.5130903124809265
0.6363058090209961
0.5272761583328247
0.5378789305686951
0.6253746747970581
0.5242870450019836
0.6415350437164307
0.5100748538970947
0.5349376797676086
0.5099703073501587
0.5279848575592041
0.6273077726364136
0.5283443331718445
0.525506854057312
0.5308821201324463
0.5643730163574219
0.5326826572418213
0.47110646963119507
0.48792964220046997
0.4914531707763672
0.5128012299537659
0.48702290654182434
0.5012934803962708
0.48322582244873047
0.6102226972579956
0.5090124607086182
0.5434530377388
0.5202675461769104
0.5124065279960632
0.5063931941986084
0.526593804359436
0.6011788249015808
0.5315659642219543
0.6097108125686646
0.5257938504219055
0.546568751335144
0.54169100522995
0.6368292570114136
0.5348583459854126
0.5005526542663574
0.6151236295700073
0.526044487953186
0.6283414959907532
0.5303512811660767
0.5441879034042358
0.5073626041412354
0.48182278871536255
0.4830242991447449
0.6851274967193604
0.5081670880317688
0.49005991220474243
0.4869052469730377
0.4995649456977844
0.5168371200561523
0.6875487565994263
0.5118420124053955
0.5871545076370239
0.4994308352470398
0.48888641595840454
0.5127201080322266
0.508225679397583
0.5197718739509583
0.5436999201774597
0.5293952822685242
0.5283083915710449
0.5571656227111816
0.6283206939697266
0.511016309261322
0.5080286264419556
0.5371278524398804
0.5013614892959595
0.531024694442749
0.5186020135879517
0.5358257293701172
0.5321123600006104
0.4634813964366913
0.4801863431930542
0.4644224941730499
0.4881962537765503
0.4962090849876404
0.4974709153175354
0.5159894227981567
0.4848101735115051
0.623218297958374
0.6073642373085022
0.5055151581764221
0.5031218528747559
0.5272058844566345
0.616400957107544
0.5305529832839966
0.5175015926361084
0.5080812573432922
0.5213034152984619
0.5269560813903809
0.5079495310783386
0.5154485702514648
0.525982141494751
0.6275137066841125
0.5232085585594177
0.6299288868904114
0.5163055658340454
0.5019809603691101
0.5128288269042969
0.6167238354682922
0.5639120936393738
0.4938168525695801
0.49878716468811035
0.4782356917858124
0.48322659730911255
0.517392635345459
0.5105488300323486
0.5143179893493652
0.5126169919967651
0.49704280495643616
0.5839191675186157
0.5269615650177002
0.4917048215866089
0.6211407780647278
0.5083950757980347
0.5144510269165039
0.6206594705581665
0.505917489528656
0.5300995111465454
0.5168927311897278
0.6214148998260498
0.5142312049865723
0.5084424018859863
0.6002710461616516
0.5220738053321838
0.5302883386611938
0.499316543340683
0.5133295059204102
0.4896702766418457
0.4685988128185272
0.5803418159484863
0.47563743591308594
0.4788750410079956
0.47277507185935974
0.5013167858123779
0.5269389152526855
0.4928283393383026
0.5162061452865601
0.4983721971511841
0.5887316465377808
0.5013806223869324
0.5279413461685181
0.6983039975166321
0.5939009189605713
0.5148565769195557
0.6038077473640442
0.5214751958847046
0.5069043040275574
0.5267922282218933
0.4969937205314636
0.5078754425048828
0.5103675723075867
0.5209956169128418
0.5064272880554199
0.5159226059913635
0.5156376361846924
0.5239783525466919
0.5087469816207886
0.48108768463134766
0.48702624440193176
0.4737532138824463
0.4706607460975647
0.48992693424224854
0.4828908443450928
0.4884399473667145
0.4678267240524292
0.48382312059402466
0.5021328926086426
0.6060914397239685
0.5069684386253357
0.5132510662078857
0.4904104769229889
0.5924549102783203
0.5035536289215088
0.4995761513710022
0.4952753782272339
0.5108897686004639
0.6168793439865112
0.5285947918891907
0.6161229610443115
0.5262300968170166
0.5162428617477417
0.5014140009880066
0.6225612163543701
0.5109982490539551
0.519875705242157
0.6202397346496582
0.46496832370758057
0.46086931228637695
0.48936545848846436
0.6894365549087524
0.4871334731578827
0.4914996325969696
0.4934846758842468
0.4930337071418762
0.49723300337791443
0.5659950971603394
0.48842769861221313
0.5994707345962524
0.6212915182113647
0.5215170979499817
0.4977880120277405
0.49949198961257935
0.5218510031700134
0.484538733959198
0.4910345673561096
0.5117337107658386
0.6134931445121765
0.5098968744277954
0.5020876526832581
0.5129724740982056
0.5008262991905212
0.503782331943512
0.4961147904396057
0.4977252781391144
0.5235410928726196
0.5526923537254333
0.4838545620441437
0.4711384177207947
0.4462476968765259
0.5564415454864502
0.5956680178642273
0.5807581543922424
0.494346022605896
0.47825074195861816
0.5060557126998901
0.49568891525268555
0.4911687970161438
0.5025752782821655
0.5140436887741089
0.4984462261199951
0.5251851677894592
0.5141111612319946
0.512771487236023
0.5041385889053345
0.5127619504928589
0.48164135217666626
0.5143440365791321
0.5106627345085144
0.4958116114139557
0.5048744082450867
0.5349664688110352
0.6038752794265747
0.6172627210617065
0.5031035542488098
0.4430476427078247
0.47523823380470276
0.474045068025589
0.458191454410553
0.4794074296951294
0.4764913320541382
0.4808591306209564
0.4986228346824646
0.49698081612586975
0.48927292227745056
0.48930850625038147
0.4818118214607239
0.48830896615982056
0.5985992550849915
0.5110478401184082
0.5083647966384888
0.5054653882980347
0.49095261096954346
0.5899389982223511
0.504393458366394
0.5103400945663452
0.7021217346191406
0.6168131232261658
0.49408265948295593
0.5012447834014893
0.49865439534187317
0.5124437808990479
0.6014209389686584
0.5070061087608337
0.5441151857376099
0.4609617292881012
0.4801445007324219
0.45541900396347046
0.4690476953983307
0.4604777693748474
0.49531108140945435
0.5695855617523193
0.4940028786659241
0.49353718757629395
0.5728530287742615
0.47780001163482666
0.49273908138275146
0.5809264779090881
0.5067609548568726
0.5919724106788635
0.5078173875808716
0.5073649287223816
0.4945998191833496
0.48624923825263977
0.598970890045166
0.5254563689231873
0.5051026940345764
0.519357442855835
0.49208205938339233
0.5232331156730652
0.5121787786483765
0.5098119378089905
0.5093986988067627
0.4602839946746826
0.4597024619579315
0.4686111509799957
0.48709696531295776
0.6683946847915649
0.48640328645706177
0.47754231095314026
0.49383366107940674
0.4742138385772705
0.4918060600757599
0.4864790141582489
0.4787968397140503
0.576545238494873
0.5003038048744202
0.5068778395652771
0.4916793406009674
0.5054933428764343
0.48118624091148376
0.4961943030357361
0.4946386218070984
0.5184857845306396
0.4944632649421692
0.5962821841239929
0.5097168684005737
0.4900559186935425
0.7055820226669312
0.5022584795951843
0.49266940355300903
0.4635891914367676
0.4507341682910919
0.44902724027633667
0.4449331760406494
0.4789338707923889
0.563931941986084
0.5022318959236145
0.480403333902359
0.48076751828193665
0.49385857582092285
0.4723967909812927
0.4989011287689209
0.5604314804077148
0.48368459939956665
0.4799804091453552
0.6092031002044678
0.4883139729499817
0.48861122131347656
0.4931008815765381
0.5017300248146057
0.4762890934944153
0.5935100317001343
0.504863440990448
0.5116803050041199
0.5162844657897949
0.5087525844573975
0.47707778215408325
0.5035114884376526
0.5900626182556152
0.5917379260063171
0.46581029891967773
0.538918673992157
0.4523497223854065
0.5547640323638916
0.5017321109771729
0.4673141837120056
0.4876932203769684
0.48187002539634705
0.5722449421882629
0.48433220386505127
0.48070573806762695
0.48619985580444336
0.4740639626979828
0.48119068145751953
0.5055846571922302
0.5048533082008362
0.49031251668930054
0.5161585807800293
0.5199600458145142
0.6964797973632812
0.4966185688972473
0.4674586057662964
0.600074291229248
0.4928525686264038
0.5001897811889648
0.49201661348342896
0.4829901456832886
0.4601152539253235
0.5052909851074219
0.4529409110546112
0.5711817145347595
0.4587290287017822
0.46976810693740845
0.4627818465232849
0.5672234296798706
0.4673522710800171
0.4831932783126831
0.4902360737323761
0.48367875814437866
0.47521132230758667
0.48253515362739563
0.58125239610672
0.48953914642333984
0.47792690992355347
0.4955211877822876
0.4850386381149292
0.4898531138896942
0.5040372610092163
0.5072445273399353
0.4907136559486389
0.4714537560939789
0.5811718702316284
0.4873940348625183
0.4761697053909302
0.4799719452857971
0.49896538257598877
0.6031226515769958
0.6069782972335815
0.5519406199455261
0.4492974877357483
0.4518812596797943
0.4529149532318115
0.4644596576690674
0.5486143827438354
0.46435481309890747
0.5742205381393433
0.5564565658569336
0.47449836134910583
0.4925961196422577
0.4791078567504883
0.5669031143188477
0.48949795961380005
0.4672854542732239
0.47596341371536255
0.5012822151184082
0.582471489906311
0.48280346393585205
0.4748033285140991
0.4923851490020752
0.4784601926803589
0.4855189919471741
0.509279191493988
0.5051442384719849
0.4958299398422241
0.4920678734779358
0.5034092664718628
0.4771847426891327
0.4435645639896393
0.4400158226490021
0.4423753023147583
0.4556392729282379
0.47017204761505127
0.4761590361595154
0.47911182045936584
0.467315137386322
0.48514509201049805
0.47826772928237915
0.49685367941856384
0.5763846635818481
0.4749794602394104
0.4777076244354248
0.46316975355148315
0.4818110764026642
0.46705442667007446
0.6886827945709229
0.4829740822315216
0.49391359090805054
0.5784932374954224
0.5868710279464722
0.4761217534542084
0.4868582487106323
0.4918261766433716
0.4659779667854309
0.5832575559616089
0.5014520883560181
0.48569780588150024
0.5305803418159485
0.43831315636634827
0.4423207640647888
0.45771434903144836
0.46503108739852905
0.462421715259552
0.5561746954917908
0.5700200200080872
0.5512489080429077
0.4789353907108307
0.4763171970844269
0.46840935945510864
0.47821900248527527
0.47184455394744873
0.5056765079498291
0.48417338728904724
0.47797325253486633
0.5015760064125061
0.5932114720344543
0.47915664315223694
0.4808168411254883
0.5021244287490845
0.48476773500442505
0.5793349742889404
0.47865474224090576
0.4947545528411865
0.4877830445766449
0.49475812911987305
0.48917508125305176
0.4246281385421753
0.4429124593734741
0.5388057231903076
0.44594383239746094
0.44330811500549316
0.4706408381462097
0.4723368287086487
0.48848968744277954
0.4378488063812256
0.48600560426712036
0.4574885368347168
0.45072516798973083
0.48189306259155273
0.49195268750190735
0.4701612889766693
0.4709082245826721
0.47263288497924805
0.5864036083221436
0.4861920475959778
0.4781396687030792
0.5688507556915283
0.5646359920501709
0.5022462606430054
0.48787665367126465
0.4740087687969208
0.49153563380241394
0.48849254846572876
0.5847004652023315
0.5846060514450073
0.4251256287097931
0.4358905255794525
0.5580087304115295
0.563574492931366
0.4474899172782898
0.4876089096069336
0.4691929817199707
0.4417644143104553
0.4530623257160187
0.47668105363845825
0.6546058654785156
0.4704575836658478
0.4682392179965973
0.5475375056266785
0.47012755274772644
0.48548823595046997
0.4907701015472412
0.48073863983154297
0.4875781536102295
0.4816988408565521
0.47826215624809265
0.4654519557952881
0.4927632212638855
0.568623960018158
0.49674516916275024
0.5024123787879944
0.48329558968544006
0.4813344478607178
0.4822426438331604
0.43172532320022583
0.5448805689811707
0.4368570148944855
0.4585767388343811
0.4594021737575531
0.4528235197067261
0.4413641691207886
0.46916621923446655
0.4626196026802063
0.4383212625980377
0.46197450160980225
0.5766537189483643
0.46708500385284424
0.45750892162323
0.465605229139328
0.5100479125976562
0.4853558838367462
0.482574999332428
0.47676658630371094
0.4743505120277405
0.5726866722106934
0.4803464114665985
0.4806182384490967
0.482439786195755
0.46736663579940796
0.47290292382240295
0.7830795049667358
0.4732150435447693
0.4862671494483948
0.4272109866142273
0.5360333919525146
0.4295312762260437
0.45308250188827515
0.44804680347442627
0.4543929398059845
0.5461537837982178
0.4678531885147095
0.4557608366012573
0.4523106813430786
0.4716002345085144
0.4526894688606262
0.45832228660583496
0.4825378954410553
0.487091064453125
0.48660075664520264
0.6546676158905029
0.4779539704322815
0.4756668508052826
0.46711674332618713
0.5566359758377075
0.4685392379760742
0.47757279872894287
0.49950411915779114
0.49552732706069946
0.583881139755249
0.47256147861480713
0.4638776183128357
0.4697801470756531
0.5222598910331726
0.42799699306488037
0.45455875992774963
0.43587595224380493
0.5400283932685852
0.4536454379558563
0.4440060555934906
0.4534573256969452
0.44787687063217163
0.4689622223377228
0.48559093475341797
0.44318845868110657
0.4585883617401123
0.5501634478569031
0.5569946765899658
0.48285019397735596
0.48164236545562744
0.5613089799880981
0.4975973665714264
0.4871818423271179
0.5689282417297363
0.4840184450149536
0.465888112783432
0.4832500219345093
0.47089290618896484
0.4876299202442169
0.4714660048484802
0.4750829041004181
0.46517735719680786
0.5122851133346558
0.45612096786499023
0.44567054510116577
0.5545073747634888
0.4647022485733032
0.43452581763267517
0.44568341970443726
0.4488356113433838
0.46410083770751953
0.4600865840911865
0.4748454689979553
0.47941911220550537
0.5951229929924011
0.46462294459342957
0.48394066095352173
0.4657132923603058
0.4699329733848572
0.4714254140853882
0.4554516673088074
0.4735065698623657
0.4740058183670044
0.4740060567855835
0.47091931104660034
0.46610474586486816
0.47808584570884705
0.4750043749809265
0.594944953918457
0.6433969736099243
0.47223883867263794
0.517553448677063
0.5366697311401367
0.5427548885345459
0.4453960657119751
0.4351714253425598
0.44999733567237854
0.44016632437705994
0.4604438543319702
0.5693564414978027
0.45918893814086914
0.4682849645614624
0.46780478954315186
0.4685228765010834
0.46673649549484253
0.47418278455734253
0.4561919569969177
0.4855549931526184
0.4704974591732025
0.46953025460243225
0.5823934078216553
0.4464735686779022
0.4729909300804138
0.4649062156677246
0.44902724027633667
0.47972571849823
0.46894317865371704
0.4709586799144745
0.4643355906009674
0.5694604516029358
0.5255666971206665
0.4216628074645996
0.446887731552124
0.46983808279037476
0.4534325897693634
0.45987141132354736
0.5528830885887146
0.44396352767944336
0.46149665117263794
0.44752737879753113
0.4425733685493469
0.439167857170105
0.44680631160736084
0.44759660959243774
0.4773508906364441
0.580273449420929
0.46598249673843384
0.4638230800628662
0.48096808791160583
0.4872782826423645
0.46545296907424927
0.46219271421432495
0.5521336197853088
0.5523369312286377
0.47203999757766724
0.47289156913757324
0.4931418299674988
0.5723073482513428
0.47867369651794434
0.5219998359680176
0.5273929834365845
0.43188852071762085
0.42935365438461304
0.4285701513290405
0.4668661952018738
0.46655064821243286
0.4627549350261688
0.5561133027076721
0.44110220670700073
0.45873963832855225
0.5636377930641174
0.4685893952846527
0.4823581576347351
0.4528215825557709
0.4521060585975647
0.4717272222042084
0.45719173550605774
0.4681360125541687
0.6789864301681519
0.47790753841400146
0.4720901846885681
0.4494611620903015
0.47771984338760376
0.45709216594696045
0.4779966473579407
0.4636741876602173
0.4708826541900635
0.4660310447216034
0.5309511423110962
0.4300040602684021
0.40897631645202637
0.5347031354904175
0.5462334752082825
0.42752018570899963
0.4553139805793762
0.45368093252182007
0.4284820258617401
0.4584234654903412
0.45347824692726135
0.5397778749465942
0.46823203563690186
0.4560343027114868
0.4826313257217407
0.4806445837020874
0.47946539521217346
0.47679007053375244
0.4562857449054718
0.46524953842163086
0.4701407551765442
0.4639163911342621
0.45664674043655396
0.5527899861335754
0.4762885272502899
0.47487276792526245
0.4415205121040344
0.5658835172653198
0.474489688873291
0.6020056009292603
0.4335922598838806
0.4435805082321167
0.42830324172973633
0.4633174538612366
0.43336090445518494
0.4521639943122864
0.45239323377609253
0.5630221962928772
0.4629825949668884
0.4823659062385559
0.44641560316085815
0.4628422260284424
0.46406304836273193
0.46954643726348877
0.5622560381889343
0.44930797815322876
0.44811391830444336
0.5566166043281555
0.44976168870925903
0.4654030501842499
0.5580222606658936
0.47278082370758057
0.4718724489212036
0.4810352921485901
0.46825525164604187
0.45409923791885376
0.4774237871170044
0.48560279607772827
0.5181516408920288
0.5143550634384155
0.4335216283798218
0.4275667071342468
0.4382822513580322
0.45650893449783325
0.4562012851238251
0.46410176157951355
0.44647523760795593
0.4387475550174713
0.45953628420829773
0.565412163734436
0.453382670879364
0.47334641218185425
0.4515343904495239
0.47057288885116577
0.5734192132949829
0.4580342173576355
0.4711688756942749
0.46407684683799744
0.4553520083427429
0.449032723903656
0.45150303840637207
0.5707877278327942
0.4692156910896301
0.4666842818260193
0.46046382188796997
0.47528737783432007
0.5708491802215576
0.4126555919647217
0.4233960509300232
0.40614867210388184
0.4300695061683655
0.4315957725048065
0.44302213191986084
0.4570871591567993
0.4555618464946747
0.45501571893692017
0.49215012788772583
0.4678759276866913
0.4682357907295227
0.44606995582580566
0.48167169094085693
0.5554326772689819
0.4640730619430542
0.46629709005355835
0.44559550285339355
0.5506085157394409
0.6554079055786133
0.4703497886657715
0.45860975980758667
0.5393422245979309
0.46803444623947144
0.5647887587547302
0.4563045799732208
0.4616771340370178
0.4612770676612854
0.4574296474456787
0.42129722237586975
0.4041298031806946
0.4148778021335602
0.4367007613182068
0.43281060457229614
0.45063477754592896
0.43021661043167114
0.43119707703590393
0.4379568099975586
0.4485378563404083
0.4621691107749939
0.45536839962005615
0.4768131971359253
0.548386812210083
0.4533441662788391
0.5712113380432129
0.4436027705669403
0.5461721420288086
0.45025530457496643
0.5469154715538025
0.4511811435222626
0.4550010561943054
0.565902054309845
0.5613589286804199
0.4512605667114258
0.46977367997169495
0.4673304557800293
0.47494569420814514
0.48697176575660706
0.42877161502838135
0.4213053584098816
0.42142221331596375
0.6234669089317322
0.421342134475708
0.4356567859649658
0.43906259536743164
0.4276626408100128
0.4630869925022125
0.4430183172225952
0.44010305404663086
0.4228149652481079
0.5417246222496033
0.5453795194625854
0.4537854790687561
0.44788700342178345
0.4426593780517578
0.44435960054397583
0.46188563108444214
0.5811636447906494
0.5504382848739624
0.4683130979537964
0.4680973291397095
0.4723378121852875
0.4555637240409851
0.46251577138900757
0.44163018465042114
0.46061211824417114
0.4516916871070862
0.4041912257671356
0.4341166317462921
0.4280893802642822
0.42173564434051514
0.5391585826873779
0.5451870560646057
0.46341103315353394
0.5431809425354004
0.43766170740127563
0.44231557846069336
0.42366939783096313
0.47824645042419434
0.4401031732559204
0.43617022037506104
0.45737701654434204
0.44665324687957764
0.4515526294708252
0.4596777558326721
0.553619384765625
0.45398324728012085
0.45706990361213684
0.438970685005188
0.44405800104141235
0.4575805366039276
0.4618479013442993
0.48117154836654663
0.45399361848831177
0.6573925614356995
0.47388869524002075
0.4270486831665039
0.42009085416793823
0.4243890345096588
0.45537832379341125
0.5222257375717163
0.4236409664154053
0.453173965215683
0.4518187642097473
0.5416145920753479
0.45567312836647034
0.45351922512054443
0.4419052004814148
0.4604271650314331
0.4417113661766052
0.43639060854911804
0.429278165102005
0.4427283704280853
0.5609909892082214
0.4319160282611847
0.4551435708999634
0.449504554271698
0.43939611315727234
0.46282708644866943
0.5435545444488525
0.46002137660980225
0.462762713432312
0.5582330226898193
0.46420446038246155
0.5409888029098511
0.4113965630531311
0.549984872341156
0.41887304186820984
0.5348415374755859
0.45065855979919434
0.448161244392395
0.4363982081413269
0.4469147324562073
0.42642900347709656
0.5446727871894836
0.46643367409706116
0.445789098739624
0.4488227069377899
0.46234971284866333
0.4693416357040405
0.4453374147415161
0.43779540061950684
0.4399017095565796
0.42860448360443115
0.44493168592453003
0.4593573808670044
0.45040786266326904
0.4479314982891083
0.6331188082695007
0.46019455790519714
0.466154009103775
0.45603513717651367
0.5441293716430664
0.44758158922195435
0.4014270305633545
0.4244304299354553
0.41532447934150696
0.43278777599334717
0.5308617353439331
0.5436164140701294
0.4549196660518646
0.5246201753616333
0.41849058866500854
0.45014315843582153
0.4317764937877655
0.464641809463501
0.4436327815055847
0.4508483409881592
0.42908790707588196
0.45551037788391113
0.4556571841239929
0.5553836226463318
0.4685840606689453
0.45676499605178833
0.5512010455131531
0.4663200080394745
0.4523153305053711
0.4522084593772888
0.4613162875175476
0.4493629038333893
0.4494619071483612
0.5532172322273254
0.4677375555038452
0.3872773051261902
0.404413104057312
0.4092054069042206
0.412563681602478
0.4318552613258362
0.5374672412872314
0.4441121518611908
0.5272052884101868
0.5468276143074036
0.44691210985183716
0.454414963722229
0.47574976086616516
0.4472079277038574
0.45688021183013916
0.4399217963218689
0.5335950255393982
0.46351176500320435
0.4433160722255707
0.44299787282943726
0.45024374127388
0.45004454255104065
0.5290417075157166
0.45632463693618774
0.5692592263221741
0.4544832110404968
0.45786353945732117
0.48275551199913025
0.46088913083076477
0.4503379464149475
0.4259365200996399
0.4096939265727997
0.51016765832901
0.42564553022384644
0.4186406135559082
0.42191946506500244
0.42305320501327515
0.4272223114967346
0.43792614340782166
0.5472732186317444
0.446590781211853
0.44337546825408936
0.440523624420166
0.5478299260139465
0.45256105065345764
0.46347010135650635
0.637709379196167
0.461956262588501
0.4442906677722931
0.45858311653137207
0.44671547412872314
0.4569269120693207
0.4502372741699219
0.5309454202651978
0.44607269763946533
0.4302561283111572
0.47259217500686646
0.43378135561943054
0.4602130055427551
0.41860875487327576
0.42042213678359985
0.4920940399169922
0.44956398010253906
0.4244367778301239
0.42160549759864807
0.43833014369010925
0.4345129132270813
0.5443814992904663
0.4463621973991394
0.45283883810043335
0.4538087248802185
0.4455307126045227
0.5310826897621155
0.45588892698287964
0.44760337471961975
0.5334901213645935
0.4536324143409729
0.44925397634506226
0.45632731914520264
0.46571603417396545
0.4479033946990967
0.5485384464263916
0.4508863687515259
0.5488032102584839
0.44367778301239014
0.4561363458633423
0.4613187909126282
0.450075626373291
0.413504034280777
0.42440956830978394
0.41839727759361267
0.41962146759033203
0.4178501069545746
0.4620665907859802
0.4334831237792969
0.4272575378417969
0.5493154525756836
0.43532198667526245
0.4169344902038574
0.5503512620925903
0.5428467988967896
0.4651854336261749
0.43530043959617615
0.44135016202926636
0.4321736693382263
0.4716005325317383
0.4413354694843292
0.5466025471687317
0.4242108464241028
0.42777347564697266
0.4623318612575531
0.4470489025115967
0.447664737701416
0.5682141184806824
0.5446383953094482
0.43831226229667664
0.45464688539505005
0.40153083205223083
0.40600359439849854
0.41558536887168884
0.406371533870697
0.4281572103500366
0.4219489097595215
0.42259567975997925
0.43260830640792847
0.42458367347717285
0.4428950846195221
0.4180503487586975
0.42854076623916626
0.44487202167510986
0.4430001974105835
0.6291800737380981
0.5471985936164856
0.4505777359008789
0.4497925639152527
0.4274024963378906
0.5326297879219055
0.4519904553890228
0.4423249661922455
0.46581724286079407
0.5516682863235474
0.4384203553199768
0.529778003692627
0.45158618688583374
0.4633195996284485
0.43974941968917847
0.3888756036758423
0.5153835415840149
0.43681833148002625
0.4308418035507202
0.43376094102859497
0.43889766931533813
0.4351116120815277
0.5238323211669922
0.5323892831802368
0.5483583211898804
0.536196768283844
0.4335022270679474
0.5314938426017761
0.44255712628364563
0.4375981092453003
0.45469778776168823
0.44463106989860535
0.4403229355812073
0.44769996404647827
0.4482038617134094
0.4327070116996765
0.47236794233322144
0.45641815662384033
0.4582556486129761
0.43308258056640625
0.46326544880867004
0.4418277144432068
0.4799584150314331
0.46429765224456787
0.418300598859787
0.41206127405166626
0.4148466885089874
0.4158371686935425
0.4208754301071167
0.5334206223487854
0.4356997311115265
0.42413127422332764
0.44768255949020386
0.5354466438293457
0.4623284637928009
0.5242206454277039
0.5136961340904236
0.5418834090232849
0.4429548978805542
0.5267999172210693
0.4463270902633667
0.4376286268234253
0.46181294322013855
0.44508635997772217
0.454852432012558
0.42839545011520386
0.44656991958618164
0.4292791783809662
0.4389295279979706
0.4727349877357483
0.4406907856464386
0.43775704503059387
0.4288971722126007
0.4051220417022705
0.40328386425971985
0.5090694427490234
0.42346349358558655
0.5156221389770508
0.4188719391822815
0.44010671973228455
0.4124789237976074
0.45260846614837646
0.43145251274108887
0.43826723098754883
0.4406110346317291
0.4349667727947235
0.5318790078163147
0.4310833811759949
0.5156833529472351
0.44156843423843384
0.4386965036392212
0.5391530990600586
0.5478692054748535
0.4466288685798645
0.43055224418640137
0.4376002252101898
0.4474717378616333
0.4453039765357971
0.463259756565094
0.4407447874546051
0.4312726855278015
0.44599366188049316
0.39740073680877686
0.4237752854824066
0.4918004274368286
0.4235018789768219
0.41533178091049194
0.41871750354766846
0.515201210975647
0.41854941844940186
0.4201889932155609
0.42058032751083374
0.42786502838134766
0.422762930393219
0.4356420934200287
0.444646418094635
0.4567534923553467
0.5374792814254761
0.5362591743469238
0.4476158618927002
0.5295397043228149
0.44143497943878174
0.5174739956855774
0.43313509225845337
0.4418712258338928
0.4480406641960144
0.4482046961784363
0.4314463436603546
0.44511255621910095
0.4626123905181885
0.4437366724014282
0.49557721614837646
0.4122089147567749
0.4041411876678467
0.40882402658462524
0.43194907903671265
0.4394265413284302
0.6358795762062073
0.4359508156776428
0.4242064356803894
0.523923397064209
0.43722105026245117
0.42784401774406433
0.45379239320755005
0.453217089176178
0.4411236047744751
0.4376511871814728
0.4415622353553772
0.44116413593292236
0.4224647879600525
0.5325911641120911
0.5325804352760315
0.4218498766422272
0.44108501076698303
0.4420999586582184
0.44031834602355957
0.43473437428474426
0.44299793243408203
0.44712555408477783
0.42278099060058594
0.41394561529159546
0.39298248291015625
0.41802978515625
0.4290854334831238
0.4112158417701721
0.4340803921222687
0.43296679854393005
0.6226906776428223
0.4429989457130432
0.5264643430709839
0.4318115711212158
0.4310338497161865
0.4279024004936218
0.5107406973838806
0.43869560956954956
0.42103812098503113
0.5207890272140503
0.43115827441215515
0.42655593156814575
0.4435858130455017
0.45372676849365234
0.5277670621871948
0.44190558791160583
0.43415963649749756
0.46947094798088074
0.45600539445877075
0.4441596567630768
0.44106799364089966
0.4176173806190491
0.3945872187614441
0.40831655263900757
0.410605788230896
0.4147665500640869
0.4021272361278534
0.4188762903213501
0.509429395198822
0.5261240005493164
0.4480268359184265
0.5287070274353027
0.42917710542678833
0.44585561752319336
0.44535455107688904
0.4261486530303955
0.45234668254852295
0.42791295051574707
0.5268556475639343
0.4462777376174927
0.46293556690216064
0.44207608699798584
0.44886380434036255
0.4318980872631073
0.4390169084072113
0.4361433982849121
0.4268401563167572
0.430342435836792
0.4384920597076416
0.448898047208786
0.6206746101379395
0.40366828441619873
0.5066511034965515
0.39605632424354553
0.4119347035884857
0.42094260454177856
0.42286932468414307
0.42672619223594666
0.41774776577949524
0.42070990800857544
0.4313869774341583
0.434903621673584
0.5190045237541199
0.5103949308395386
0.4426764249801636
0.44133543968200684
0.4149762988090515
0.4533037543296814
0.5322440266609192
0.5272194147109985
0.4329078197479248
0.453788161277771
0.4513092637062073
0.4418867826461792
0.43358832597732544
0.541569709777832
0.44920292496681213
0.43899595737457275
0.4430828392505646
0.44420892000198364
0.38847431540489197
0.4003550410270691
0.42628610134124756
0.41331976652145386
0.4052084982395172
0.4369611442089081
0.43870529532432556
0.5167762041091919
0.403057336807251
0.43295735120773315
0.44252631068229675
0.43032407760620117
0.5124759674072266
0.45369580388069153
0.43461304903030396
0.4538663625717163
0.43648046255111694
0.5382348299026489
0.44846296310424805
0.5161791443824768
0.5268740057945251
0.4368055462837219
0.44659554958343506
0.43200355768203735
0.44221800565719604
0.534276008605957
0.426067054271698
0.4401022791862488
0.42519259452819824
0.3842366337776184
0.49397143721580505
0.39482876658439636
0.40015095472335815
0.42776644229888916
0.40858322381973267
0.5263394117355347
0.41696280241012573
0.4318794310092926
0.4354631006717682
0.44100677967071533
0.512566328048706
0.43866458535194397
0.4533216655254364
0.436540424823761
0.4124097228050232
0.4348447322845459
0.4531782567501068
0.533339262008667
0.43393129110336304
0.4275193214416504
0.5398839712142944
0.45644867420196533
0.43989914655685425
0.5120900273323059
0.4516671299934387
0.43190181255340576
0.4387425184249878
0.4394906163215637
0.3912045955657959
0.4057064354419708
0.38406360149383545
0.4250483512878418
0.42370057106018066
0.42097049951553345
0.4150630235671997
0.4427226185798645
0.4450864791870117
0.4262724816799164
0.5408706665039062
0.5321648120880127
0.4407697916030884
0.4243426024913788
0.44963690638542175
0.42299962043762207
0.44926509261131287
0.4349709749221802
0.4343721568584442
0.4184146523475647
0.6241115927696228
0.4322715401649475
0.42745012044906616
0.5375097990036011
0.4425181746482849
0.43879544734954834
0.42569777369499207
0.4374978542327881
0.5426245927810669
0.38609710335731506
0.4001770317554474
0.40736156702041626
0.41415250301361084
0.42473429441452026
0.5118817090988159
0.4138702154159546
0.4507107138633728
0.4421727657318115
0.4373254179954529
0.42115265130996704
0.5448902249336243
0.41607466340065
0.44704318046569824
0.5273642539978027
0.42538386583328247
0.44698333740234375
0.45361727476119995
0.4343335032463074
0.4228513836860657
0.43828433752059937
0.4407304525375366
0.4586872458457947
0.5261350870132446
0.4429464638233185
0.45933297276496887
0.5523946285247803
0.42155128717422485
0.5308122038841248
0.3981521427631378
0.391840398311615
0.39097556471824646
0.4158461391925812
0.4065701365470886
0.4114223122596741
0.43850916624069214
0.41778576374053955
0.4380565881729126
0.4827720820903778
0.42135852575302124
0.43759992718696594
0.46776604652404785
0.5218972563743591
0.6293419599533081
0.42093750834465027
0.42038270831108093
0.5237642526626587
0.42568811774253845
0.45270028710365295
0.4198459982872009
0.43222033977508545
0.5412514805793762
0.4395974278450012
0.42634469270706177
0.43879929184913635
0.4319167137145996
0.4295218586921692
0.44153523445129395
0.4800347685813904
0.3889038860797882
0.3959077000617981
0.4975329637527466
0.4162318706512451
0.4115476906299591
0.40280476212501526
0.53121417760849
0.4473538398742676
0.4228295087814331
0.4316857159137726
0.4282073974609375
0.4525609016418457
0.42839187383651733
0.4399867057800293
0.5149747133255005
0.6213699579238892
0.4242132604122162
0.41609132289886475
0.430824339389801
0.4468576908111572
0.4406968057155609
0.4460945725440979
0.4493200182914734
0.43346747756004333
0.42483413219451904
0.42867928743362427
0.4218265414237976
0.4298948347568512
