Mean Rank: 239
Mean RR: 0.4536
Hit@1: 0.3982
Hit@3: 0.4736
Hit@5: 0.5156
Hit@10: 0.5453
82.90419006347656
63.874298095703125
55.526241302490234
49.937496185302734
46.301979064941406
43.510868072509766
40.74589920043945
39.45779800415039
34.846595764160156
34.350341796875
32.05004119873047
29.335372924804688
28.502199172973633
25.83026885986328
25.438905715942383
23.81264305114746
22.422306060791016
21.058181762695312
19.969219207763672
19.580154418945312
17.80083465576172
17.23421859741211
16.345800399780273
15.692537307739258
14.903244972229004
14.42947769165039
13.719721794128418
12.88412857055664
13.048412322998047
10.563029289245605
10.862051010131836
10.714709281921387
10.221693992614746
9.908403396606445
9.439423561096191
9.217114448547363
9.012221336364746
8.695570945739746
8.340235710144043
8.18312931060791
8.00084400177002
7.921992301940918
7.670497894287109
7.226495265960693
7.603972434997559
7.316495418548584
6.920374393463135
6.791292190551758
6.452669143676758
6.53741979598999
6.274450302124023
6.410311698913574
6.436068058013916
6.370510101318359
6.38424015045166
6.396059513092041
6.271838188171387
6.135406017303467
5.6429009437561035
5.622316360473633
5.423084259033203
5.239534378051758
5.24859619140625
5.134642124176025
5.145461082458496
4.994060516357422
4.90883731842041
4.9770026206970215
5.025001049041748
4.9370293617248535
4.902661323547363
5.102466583251953
4.704424858093262
4.7879719734191895
4.557597637176514
4.595439910888672
4.629329204559326
4.229963779449463
4.460726737976074
4.32880163192749
4.428904056549072
4.278448104858398
4.2172651290893555
3.938326835632324
3.9835922718048096
3.9423203468322754
3.958425760269165
3.7699100971221924
3.9500327110290527
3.9736733436584473
3.8684632778167725
4.124402046203613
3.7216858863830566
3.794832944869995
3.8783411979675293
3.773906946182251
3.7266478538513184
3.715451240539551
3.6106996536254883
3.798137903213501
3.4695730209350586
3.564018487930298
3.6898181438446045
3.462836742401123
3.3939900398254395
3.3918349742889404
3.3728725910186768
3.5062060356140137
3.6374340057373047
3.3757832050323486
3.2890141010284424
3.206589460372925
3.0369348526000977
3.1014928817749023
3.0189387798309326
2.962597131729126
2.9011404514312744
2.7610228061676025
2.678628444671631
2.7149457931518555
2.771657943725586
2.803524971008301
2.712509870529175
2.901728630065918
2.9385910034179688
3.026480197906494
3.0421390533447266
2.9284300804138184
2.907400369644165
3.02170467376709
2.8765077590942383
2.749114513397217
2.754295587539673
2.5695974826812744
2.7413246631622314
2.6986632347106934
2.5917375087738037
2.4551210403442383
2.538102149963379
2.556260347366333
2.480471611022949
2.4349708557128906
2.630877733230591
2.6636698246002197
2.3804070949554443
2.3966293334960938
2.4382946491241455
2.50186824798584
2.5110249519348145
2.514388084411621
2.4774982929229736
2.5354557037353516
2.5443432331085205
2.463067054748535
2.6059069633483887
2.482675075531006
2.490950584411621
2.376661539077759
2.3805582523345947
2.4584414958953857
2.380729913711548
2.3327646255493164
2.262852907180786
2.2786293029785156
2.399327516555786
2.207547426223755
2.267313003540039
2.200028657913208
2.184323787689209
2.17268967628479
2.1685123443603516
2.2255961894989014
2.128620147705078
2.0611069202423096
2.0136172771453857
2.0135843753814697
1.9032158851623535
2.183068037033081
1.999479055404663
2.06257963180542
2.0331969261169434
1.9932677745819092
1.995444655418396
1.9839521646499634
2.0560271739959717
2.0464818477630615
2.106621026992798
2.030322313308716
2.078111410140991
2.005505084991455
2.0407931804656982
2.18867826461792
2.059265375137329
2.0069756507873535
2.1233441829681396
2.052680253982544
1.9853981733322144
2.115492820739746
2.118506908416748
2.099747657775879
2.0072126388549805
2.034088373184204
1.8563604354858398
1.8478918075561523
2.0330770015716553
1.9197309017181396
2.003445625305176
1.9893873929977417
2.032097339630127
2.0752108097076416
1.9576209783554077
1.8183047771453857
1.9160720109939575
1.9366892576217651
2.0106608867645264
1.9171799421310425
1.9407641887664795
1.9406253099441528
1.848095178604126
1.7309750318527222
1.8781003952026367
1.952113151550293
1.9239373207092285
1.9118444919586182
2.0387158393859863
1.888048529624939
1.9732344150543213
1.9569634199142456
1.9695814847946167
1.9103065729141235
1.9248082637786865
1.8633594512939453
2.0339837074279785
1.7906516790390015
1.8456207513809204
1.6992675065994263
1.6629481315612793
1.7555657625198364
1.6230733394622803
1.7370039224624634
1.656582236289978
1.6465891599655151
1.6040064096450806
1.6261963844299316
1.5921727418899536
1.5398186445236206
1.5832841396331787
1.5888268947601318
1.604038119316101
1.5264177322387695
1.5756503343582153
1.5377488136291504
1.5786153078079224
1.594849944114685
1.615849256515503
1.4949963092803955
1.5855995416641235
1.48762047290802
1.4777534008026123
1.4418493509292603
1.4992631673812866
1.31648850440979
1.2857880592346191
1.3448634147644043
1.2604330778121948
1.2518255710601807
1.2714855670928955
1.2223787307739258
1.2221161127090454
1.173575520515442
1.3647128343582153
1.1921826601028442
1.1301977634429932
1.159424066543579
1.1527618169784546
1.1440420150756836
1.087918758392334
1.1431854963302612
1.2047104835510254
1.1329411268234253
1.154019832611084
1.271498441696167
1.146838903427124
1.0903284549713135
1.2110960483551025
1.1426752805709839
1.0866804122924805
1.1139830350875854
1.1380603313446045
1.1106709241867065
1.0713293552398682
1.036257266998291
1.201748013496399
1.0284302234649658
1.1043766736984253
1.0034123659133911
1.0203382968902588
1.0658769607543945
1.2046254873275757
1.033447265625
1.0860401391983032
1.0348814725875854
1.0528239011764526
1.0570015907287598
1.0170131921768188
1.0267502069473267
1.0406172275543213
1.0596295595169067
1.0374327898025513
0.9933851957321167
1.1114544868469238
1.030948519706726
1.0482265949249268
1.0262291431427002
1.0268744230270386
1.0884580612182617
1.1234807968139648
0.9938334822654724
1.037224531173706
0.9555057883262634
0.9958469271659851
1.0043514966964722
1.0800830125808716
0.96193927526474
0.9336887001991272
1.0000312328338623
1.0079964399337769
1.069566249847412
1.0679881572723389
0.9658129215240479
0.9443272352218628
0.9763613939285278
0.9325872659683228
0.9720597863197327
0.9898567199707031
0.9669156670570374
0.9641081094741821
1.0778429508209229
0.9468551278114319
0.9895855784416199
0.9570804834365845
1.0596481561660767
0.9548958539962769
0.9238482117652893
0.9565882086753845
0.979285717010498
1.0816316604614258
0.9613037705421448
0.9942402839660645
0.8863316774368286
0.9191359281539917
1.125299334526062
0.9575309753417969
0.9378783106803894
0.9282486438751221
0.9229626655578613
0.9446285367012024
0.9068726897239685
0.8901573419570923
0.9640213251113892
0.9432376027107239
0.9168770909309387
0.9326688051223755
0.9492431282997131
0.9286566972732544
0.9075311422348022
0.8968492150306702
0.8995747566223145
0.9130535125732422
0.8723183274269104
1.089219570159912
1.0954585075378418
0.9622370004653931
0.8997949957847595
0.9573900103569031
0.9214186072349548
0.8907625079154968
0.8560481071472168
0.9023736119270325
0.8741445541381836
0.9539466500282288
0.9078898429870605
0.8561481833457947
0.9404903054237366
0.9663422107696533
0.869685709476471
0.89618980884552
0.9370526075363159
0.8462313413619995
0.8714976906776428
0.8752284049987793
0.8853310942649841
0.8399093151092529
0.893189013004303
0.8970685005187988
0.8953216075897217
0.8820594549179077
0.8610466718673706
0.960690975189209
0.8816151022911072
0.8854065537452698
0.9473171234130859
0.8383851051330566
0.868908166885376
0.8287537693977356
0.8428367376327515
0.8110617399215698
0.8188038468360901
1.0080090761184692
0.8235447406768799
0.8154124617576599
0.9158228635787964
0.8918576240539551
0.8219287991523743
0.8582223653793335
0.7895727157592773
0.8929634094238281
0.8366110324859619
0.8237655758857727
0.8129987120628357
0.8593806624412537
0.8488710522651672
0.9286734461784363
0.9421937465667725
0.8164501190185547
0.8223201036453247
0.8460721969604492
0.8216680288314819
0.9095762968063354
0.8428977131843567
0.8431932330131531
0.830851674079895
0.841241180896759
0.8267011642456055
0.8495061993598938
0.7830703854560852
0.8577612042427063
0.8865953087806702
0.8415185213088989
0.8011577725410461
0.8025966882705688
0.7802221775054932
0.8039135932922363
0.8063515424728394
0.9148047566413879
0.8234572410583496
0.8175836205482483
0.7573341131210327
0.7820389270782471
0.8072066307067871
0.7757404446601868
0.8092096447944641
0.9095777869224548
0.7968220710754395
0.917993426322937
0.794452965259552
0.8812404870986938
0.7880951166152954
0.764526903629303
0.7750638723373413
0.8249587416648865
0.7973607778549194
0.8123298287391663
0.8137585520744324
0.7481201887130737
0.7474509477615356
0.7475694417953491
0.725182831287384
0.791008710861206
0.796281099319458
0.8788503408432007
0.7492541074752808
0.7947264909744263
0.7995108366012573
0.7906250953674316
0.8266806602478027
0.7744333148002625
0.7563057541847229
0.7979354858398438
0.893599808216095
0.7549664378166199
0.8934838771820068
0.7267094850540161
0.8831125497817993
0.7579541802406311
0.768799901008606
0.7316609025001526
0.7603944540023804
0.7694968581199646
0.7471118569374084
0.9373480081558228
0.7695838212966919
0.7718186378479004
0.7314361333847046
0.7208116054534912
0.7145182490348816
0.8352228403091431
0.748073935508728
0.8211215734481812
0.7316150665283203
0.7075589895248413
0.7642033100128174
0.8602487444877625
0.7433192133903503
0.7095441818237305
0.7498779296875
0.7657261490821838
0.7323811054229736
0.8244941234588623
0.7232186794281006
0.7306353449821472
0.769544243812561
0.8013489842414856
0.7200828790664673
0.7098144888877869
0.7465825080871582
0.767794132232666
0.860373854637146
0.766037106513977
0.851610541343689
0.7460271716117859
0.7226774096488953
0.707230806350708
0.7361833453178406
0.8284773826599121
0.8301522135734558
0.8258674740791321
0.7020463943481445
0.7366061806678772
0.7207271456718445
0.7335440516471863
0.7107630968093872
0.715282142162323
0.7105870842933655
0.726564347743988
0.7187899351119995
0.7354976534843445
0.6834173202514648
0.8210345506668091
0.750344455242157
0.7076900005340576
0.7376697063446045
0.715704083442688
0.8342467546463013
0.7439420819282532
0.7517054080963135
0.7536362409591675
0.7342972755432129
0.8492527008056641
0.6968405246734619
0.7393418550491333
0.7485084533691406
0.6897825598716736
0.6876027584075928
0.6786351203918457
0.7034426927566528
0.6762174367904663
0.6920857429504395
0.702360987663269
0.678799033164978
0.8212292194366455
0.7972504496574402
0.7135845422744751
0.7061400413513184
0.7184663414955139
0.7022304534912109
0.7073562145233154
0.6939046382904053
0.7132997512817383
0.7923285365104675
0.6978236436843872
0.7050739526748657
0.69999098777771
0.7384145259857178
0.7215380668640137
0.7357461452484131
0.8092011213302612
0.701637327671051
0.8021198511123657
0.6844502687454224
0.654787003993988
0.7459456324577332
0.6528130769729614
0.6735172271728516
0.6822408437728882
0.7055344581604004
0.6916412115097046
0.7182646989822388
0.7838734984397888
0.8022556900978088
0.8235662579536438
0.6907203793525696
0.7080026268959045
0.6844351887702942
0.7033142447471619
0.6970770359039307
0.6683840155601501
0.6712596416473389
0.8020089268684387
0.7310065031051636
0.7052291035652161
0.6517301797866821
0.7087879776954651
0.701884388923645
0.7086825370788574
0.7780141234397888
0.6769109964370728
0.7087252736091614
0.6882486343383789
0.7710195183753967
0.7414957284927368
0.6629389524459839
0.6624348163604736
0.6538474559783936
0.6562628746032715
0.6704893708229065
0.705512523651123
0.6695019602775574
0.6691937446594238
0.7699995636940002
0.6652059555053711
0.6850395202636719
0.661724328994751
0.6575897932052612
0.6865953207015991
0.6632245182991028
0.6803156137466431
0.6578100919723511
0.680255651473999
0.6751604080200195
0.8021841645240784
0.6794745922088623
0.7081174850463867
0.675205647945404
0.8560054898262024
0.6718312501907349
0.6728374361991882
0.684929609298706
0.6797701716423035
0.7323209643363953
0.6562098264694214
0.8353927135467529
0.666535496711731
0.6324495077133179
0.6385738849639893
0.676148533821106
0.7483075857162476
0.6698681712150574
0.607483446598053
0.6564257740974426
0.673321545124054
0.682304322719574
0.6839447617530823
0.7625085115432739
0.6475188732147217
0.6266680955886841
0.6556394100189209
0.6900303363800049
0.6783698201179504
0.6786516904830933
0.6694539189338684
0.6498791575431824
0.6707428097724915
0.6750582456588745
0.7709965705871582
0.6876700520515442
0.6827170252799988
0.6571236848831177
0.6169788837432861
0.6335850358009338
0.6456810235977173
0.6442734003067017
0.6429097652435303
0.6450045704841614
0.7303812503814697
0.6332484483718872
0.8665898442268372
0.6723931431770325
0.64841628074646
0.6618809700012207
0.6264551877975464
0.656082272529602
0.7622069120407104
0.7616879940032959
0.6522870063781738
0.658463180065155
0.6347413659095764
0.6732593178749084
0.6659284234046936
0.7516883611679077
0.6816763281822205
0.6515473127365112
0.6386548280715942
0.6343631744384766
0.6398290395736694
0.6479067802429199
0.6108592748641968
0.5905898213386536
0.59150230884552
0.6140276789665222
0.810967206954956
0.636446475982666
0.618133008480072
0.6177549958229065
0.6343252658843994
0.6237238645553589
0.6099795699119568
0.8415431976318359
0.6237561702728271
0.6233023405075073
0.7239839434623718
0.6492070555686951
0.6428846120834351
0.6421512365341187
0.6537491679191589
0.6221104860305786
0.639581561088562
0.639047384262085
0.6516181826591492
0.6517350077629089
0.6693079471588135
0.6143503189086914
0.7502381205558777
0.6544872522354126
0.6339132189750671
0.7181912660598755
0.5930790901184082
0.5851195454597473
0.6354020833969116
0.6254522800445557
0.7162162661552429
0.7388140559196472
0.5947381854057312
0.6122196912765503
0.7153516411781311
0.6487598419189453
0.7369035482406616
0.6380414962768555
0.7382928729057312
0.6423152685165405
0.6193677186965942
0.6542309522628784
0.6337304711341858
0.6180045008659363
0.6229891180992126
0.6400083303451538
0.6391475796699524
0.6336937546730042
0.6389094591140747
0.6340848207473755
0.6164255738258362
0.6513381600379944
0.6197777390480042
0.6503936648368835
0.689183235168457
0.5722703337669373
0.5917313098907471
0.6079908609390259
0.6140797138214111
0.5723333954811096
0.618559718132019
0.6395522952079773
0.6060893535614014
0.5908223986625671
0.6020232439041138
0.7043159008026123
0.6187911629676819
0.6066828966140747
0.6038036346435547
0.640720784664154
0.6305335760116577
0.825162947177887
0.626785397529602
0.6147284507751465
0.7588452100753784
0.6342306733131409
0.6228234171867371
0.6322402358055115
0.633777379989624
0.6243016719818115
0.6047502160072327
0.7251068353652954
0.6145514249801636
0.5776669383049011
0.5783071517944336
0.5605429410934448
0.5922445058822632
0.6031268239021301
0.6767654418945312
0.6042802333831787
0.6889961957931519
0.6222935318946838
0.6039789915084839
0.6180956959724426
0.7428673505783081
0.6123969554901123
0.7313319444656372
0.635814905166626
0.6515551209449768
0.7207139134407043
0.6270285844802856
0.6208842992782593
0.5982763767242432
0.62721848487854
0.6376464366912842
0.6274389624595642
0.6259337067604065
0.6025370955467224
0.5997793674468994
0.7085457444190979
0.6276848912239075
0.598223865032196
0.5636964440345764
0.5681455135345459
0.689185619354248
0.584524393081665
0.6137971878051758
0.5832514762878418
0.5862866044044495
0.578558087348938
0.6032034754753113
0.6023909449577332
0.6961323618888855
0.701500415802002
0.7005246877670288
0.6255813837051392
0.5990529656410217
0.6055967807769775
0.5976107120513916
0.6036118268966675
0.6267015337944031
0.6305667161941528
0.6013432741165161
0.7908503413200378
0.609902560710907
0.592647910118103
0.5952402353286743
0.5954156517982483
0.6202596426010132
0.616415798664093
0.6163319945335388
0.7463256120681763
0.5512232780456543
0.5882310271263123
0.56758052110672
0.6697063446044922
0.5788959264755249
0.6148706674575806
0.5689759254455566
0.6143772602081299
0.5886215567588806
0.5947639346122742
0.5873317718505859
0.618225634098053
0.6104869842529297
0.6838906407356262
0.5968194007873535
0.7069016098976135
0.5997868776321411
0.5945252776145935
0.6078318357467651
0.5943600535392761
0.5804826617240906
0.713271975517273
0.5936433672904968
0.6202393770217896
0.5841077566146851
0.5924149751663208
0.601344108581543
0.6169300675392151
0.641640305519104
0.5675753355026245
0.5388116836547852
0.5603811144828796
0.667170524597168
0.5629246830940247
0.573411762714386
0.5736225247383118
0.6753830909729004
0.583193302154541
0.5635268688201904
0.6016765832901001
0.5818909406661987
0.5809556841850281
0.6938771605491638
0.5841565728187561
0.5611491203308105
0.5869535207748413
0.6839344501495361
0.6115565299987793
0.6038068532943726
0.5968469381332397
0.6175103783607483
0.6985044479370117
0.59275221824646
0.6207066178321838
0.6036227941513062
0.6047643423080444
0.5673224925994873
0.5330281257629395
0.5414572358131409
0.566254198551178
0.647935688495636
0.5325583219528198
0.6530227661132812
0.5882118940353394
0.6283098459243774
0.5878841280937195
0.5817407369613647
0.593270480632782
0.6084274053573608
0.5916925668716431
0.5848552584648132
0.5795343518257141
0.6750798225402832
0.5849069356918335
0.5957670211791992
0.5809407830238342
0.5834302306175232
0.5784638524055481
0.670743465423584
0.6133551001548767
0.5986465215682983
0.7045331597328186
0.6066982746124268
0.5926307439804077
0.6052582263946533
0.598691463470459
0.5658340454101562
0.5484069585800171
0.5448958277702332
0.5265754461288452
0.7523462772369385
0.5392232537269592
0.686909556388855
0.5749518871307373
0.5619357228279114
0.5753141045570374
0.5893973112106323
0.7040199041366577
0.5941997766494751
0.5797045230865479
0.5686824321746826
0.5738979578018188
0.5889031887054443
0.563899040222168
0.6756211519241333
0.5823417901992798
0.5711271166801453
0.5577947497367859
0.5955936908721924
0.5881263613700867
0.5672103762626648
0.669650137424469
0.5818048119544983
0.5906832814216614
0.5615209341049194
0.5253631472587585
0.5627151131629944
0.5127152800559998
0.5560778379440308
0.5751317143440247
0.6813333034515381
0.5477199554443359
0.5627049207687378
0.5760972499847412
0.5578321814537048
0.5656949281692505
0.5624223947525024
0.5835385918617249
0.5657157897949219
0.6734209656715393
0.5393928289413452
0.553120493888855
0.573928952217102
0.5593224167823792
0.6763227581977844
0.5819462537765503
0.6786072850227356
0.5686691403388977
0.5590568780899048
0.5801655054092407
0.585038423538208
0.6757181882858276
0.6662654280662537
0.5417526364326477
0.5305778980255127
0.49542534351348877
0.5369358658790588
0.5447012186050415
0.5450214147567749
0.5452457070350647
0.5184905529022217
0.5630570650100708
0.5608482360839844
0.5439218878746033
0.5536295175552368
0.657204270362854
0.5671175122261047
0.5641155242919922
0.6489744186401367
0.5615509748458862
0.559922993183136
0.5709197521209717
0.5661546587944031
0.5649800896644592
0.6874887347221375
0.6816482543945312
0.5779165625572205
0.5554735064506531
0.6636999249458313
0.5759905576705933
0.6743818521499634
0.5854263305664062
0.575311541557312
0.5250679850578308
0.6242940425872803
0.5284348726272583
0.6407290101051331
0.5413760542869568
0.5317437648773193
0.5513783693313599
0.5759978890419006
0.569475531578064
0.563712477684021
0.5482432842254639
0.5676245093345642
0.543161928653717
0.5905606746673584
0.574246883392334
0.5735759735107422
0.5864041447639465
0.5611810684204102
0.5552133321762085
0.5725226402282715
0.644480288028717
0.5352687835693359
0.5505629777908325
0.571081280708313
0.5563136339187622
0.5653260350227356
0.6605252623558044
0.6650627255439758
0.6671378016471863
0.5316218733787537
0.5218824744224548
0.6242901086807251
0.6243230700492859
0.518703818321228
0.529816210269928
0.5640314817428589
0.5236102342605591
0.5294443964958191
0.5598320960998535
0.5623151063919067
0.5473283529281616
0.6605358123779297
0.5456326603889465
0.5413247346878052
0.5553132891654968
0.5369571447372437
0.6366530656814575
0.5749732851982117
0.5457813739776611
0.5661760568618774
0.7317878007888794
0.5535174012184143
0.5464053153991699
0.5697892308235168
0.5592917799949646
0.5801802277565002
0.5796405076980591
0.5563311576843262
0.5096855163574219
0.6071394085884094
0.5347585678100586
0.5246456265449524
0.5258749723434448
0.5438216924667358
0.5219627618789673
0.5300812721252441
0.5611408948898315
0.5509009957313538
0.5502128601074219
0.5656856894493103
0.662616491317749
0.6549521088600159
0.5380853414535522
0.5445420145988464
0.5511300563812256
0.5493059158325195
0.5643085241317749
0.5439589619636536
0.7330642938613892
0.5431115627288818
0.5594897270202637
0.5409598350524902
0.6557408571243286
0.5537923574447632
0.5457161068916321
0.5746241211891174
0.5504899024963379
0.5109472274780273
0.5139379501342773
0.5084728002548218
0.7182937860488892
0.5216031670570374
0.5309313535690308
0.5358045101165771
0.5410994291305542
0.5588951110839844
0.550822377204895
0.6360619068145752
0.5336849689483643
0.5528357028961182
0.5748170018196106
0.5626663565635681
0.6460315585136414
0.5259280800819397
0.5475341081619263
0.5453205108642578
0.5802229046821594
0.5659096240997314
0.574105441570282
0.5315397381782532
0.5514090061187744
0.560531735420227
0.5455724596977234
0.6466645002365112
0.6393348574638367
0.5570747256278992
0.492159903049469
0.5117650032043457
0.5191032886505127
0.5214399099349976
0.5253522992134094
0.5274437069892883
0.536773681640625
0.64112389087677
0.5306780934333801
0.6265857219696045
0.6067670583724976
0.557934045791626
0.6356731653213501
0.5366526246070862
0.5512669086456299
0.5657572746276855
0.5828243494033813
0.5459150671958923
0.5391836166381836
0.5181920528411865
0.5382133722305298
0.5440955758094788
0.5466104745864868
0.5717196464538574
0.6434534788131714
0.561215877532959
0.549973726272583
0.6503345966339111
0.5455712676048279
0.490683913230896
0.5031954050064087
0.49990540742874146
0.5269354581832886
0.638852596282959
0.5260440111160278
0.5094605684280396
0.5534206628799438
0.5299450159072876
0.527972936630249
0.6211763024330139
0.5288152694702148
0.5380570292472839
0.5359048247337341
0.548382043838501
0.5535386204719543
0.6596657037734985
0.5144340991973877
0.6474584937095642
0.5446001887321472
0.6294735670089722
0.5771673917770386
0.5520634651184082
0.5331668853759766
0.5400999784469604
0.5449153184890747
0.5324036478996277
0.5266794562339783
0.601020336151123
0.49245357513427734
0.5233162641525269
0.5077940821647644
0.5007677674293518
0.5110907554626465
0.5128206014633179
0.5917325615882874
0.6016225218772888
0.5371286273002625
0.5486679673194885
0.6353621482849121
0.514509379863739
0.5429969429969788
0.5133785009384155
0.5333872437477112
0.514647364616394
0.5289697647094727
0.5450546741485596
0.551430881023407
0.5436305999755859
0.5039740204811096
0.5422137975692749
0.5461674332618713
0.551029622554779
0.5413582921028137
0.6398270130157471
0.6494967937469482
0.5458424687385559
0.6312400102615356
0.4984150230884552
0.5002392530441284
0.6961787343025208
0.49215269088745117
0.5142980813980103
0.5071475505828857
0.5245091915130615
0.4993134140968323
0.5154368877410889
0.504335880279541
0.5258992314338684
0.5225042700767517
0.5448045134544373
0.6314054131507874
0.553356409072876
0.5291256904602051
0.5177679657936096
0.6565696597099304
0.5440956354141235
0.536360502243042
0.556601881980896
0.5515400171279907
0.6035483479499817
0.5374224781990051
0.5265783667564392
0.5346148610115051
0.5470105409622192
0.5360472202301025
0.6334941983222961
0.4693636894226074
0.474807471036911
0.6151643991470337
0.5095298290252686
0.7128478288650513
0.5131745934486389
0.5340738296508789
0.5322190523147583
0.4994894862174988
0.51698237657547
0.5118346214294434
0.5248810648918152
0.7231744527816772
0.5035346746444702
0.5387977361679077
0.5292559266090393
0.5258796215057373
0.5312551259994507
0.5417518019676208
0.5166281461715698
0.5497597455978394
0.5415791869163513
0.6407345533370972
0.5171673893928528
0.5454811453819275
0.5172470808029175
0.5342772603034973
0.5290442109107971
0.5336098670959473
0.47612127661705017
0.4599192440509796
0.47826898097991943
0.5959193706512451
0.49445921182632446
0.5099884867668152
0.4994681775569916
0.5118728876113892
0.6225296854972839
0.5227415561676025
0.5072190761566162
0.5160636901855469
0.5130903124809265
0.6363058090209961
0.5272761583328247
0.5378789305686951
0.6253746747970581
0.5242870450019836
0.6415350437164307
0.5100748538970947
0.5349376797676086
0.5099703073501587
0.5279848575592041
0.6273077726364136
0.5283443331718445
0.525506854057312
0.5308821201324463
0.5643730163574219
0.5326826572418213
0.47110646963119507
0.48792964220046997
0.4914531707763672
0.5128012299537659
0.48702290654182434
0.5012934803962708
0.48322582244873047
0.6102226972579956
0.5090124607086182
0.5434530377388
0.5202675461769104
0.5124065279960632
0.5063931941986084
0.526593804359436
0.6011788249015808
0.5315659642219543
0.6097108125686646
0.5257938504219055
0.546568751335144
0.54169100522995
0.6368292570114136
0.5348583459854126
0.5005526542663574
0.6151236295700073
0.526044487953186
0.6283414959907532
0.5303512811660767
0.5441879034042358
0.5073626041412354
0.48182278871536255
0.4830242991447449
0.6851274967193604
0.5081670880317688
0.49005991220474243
0.4869052469730377
0.4995649456977844
0.5168371200561523
0.6875487565994263
0.5118420124053955
0.5871545076370239
0.4994308352470398
0.48888641595840454
0.5127201080322266
0.508225679397583
0.5197718739509583
0.5436999201774597
0.5293952822685242
0.5283083915710449
0.5571656227111816
0.6283206939697266
0.511016309261322
0.5080286264419556
0.5371278524398804
0.5013614892959595
0.531024694442749
0.5186020135879517
0.5358257293701172
0.5321123600006104
0.4634813964366913
0.4801863431930542
0.4644224941730499
0.4881962537765503
0.4962090849876404
0.4974709153175354
0.5159894227981567
0.4848101735115051
0.623218297958374
0.6073642373085022
0.5055151581764221
0.5031218528747559
0.5272058844566345
0.616400957107544
0.5305529832839966
0.5175015926361084
0.5080812573432922
0.5213034152984619
0.5269560813903809
0.5079495310783386
0.5154485702514648
0.525982141494751
0.6275137066841125
0.5232085585594177
0.6299288868904114
0.5163055658340454
0.5019809603691101
0.5128288269042969
0.6167238354682922
0.5639120936393738
0.4938168525695801
0.49878716468811035
0.4782356917858124
0.48322659730911255
0.517392635345459
0.5105488300323486
0.5143179893493652
0.5126169919967651
0.49704280495643616
0.5839191675186157
0.5269615650177002
0.4917048215866089
0.6211407780647278
0.5083950757980347
0.5144510269165039
0.6206594705581665
0.505917489528656
0.5300995111465454
0.5168927311897278
0.6214148998260498
0.5142312049865723
0.5084424018859863
0.6002710461616516
0.5220738053321838
0.5302883386611938
0.499316543340683
0.5133295059204102
0.4896702766418457
0.4685988128185272
0.5803418159484863
0.47563743591308594
0.4788750410079956
0.47277507185935974
0.5013167858123779
0.5269389152526855
0.4928283393383026
0.5162061452865601
0.4983721971511841
0.5887316465377808
0.5013806223869324
0.5279413461685181
0.6983039975166321
0.5939009189605713
0.5148565769195557
0.6038077473640442
0.5214751958847046
0.5069043040275574
0.5267922282218933
0.4969937205314636
0.5078754425048828
0.5103675723075867
0.5209956169128418
0.5064272880554199
0.5159226059913635
0.5156376361846924
0.5239783525466919
0.5087469816207886
