Mean Rank: 549
Mean RR: 0.3059
Hit@1: 0.1988
Hit@3: 0.4046
Hit@5: 0.4709
Hit@10: 0.4952
126.86630249023438
126.90628051757812
126.5165786743164
126.27361297607422
124.2089614868164
124.85511779785156
123.7493896484375
122.72637939453125
122.89641571044922
121.85260772705078
120.87833404541016
122.05033874511719
119.92964172363281
120.44625091552734
117.80352783203125
117.70317077636719
117.50885772705078
118.46334075927734
115.66743469238281
116.98355102539062
115.77677917480469
114.95721435546875
114.32279205322266
114.48332214355469
114.3404541015625
113.99226379394531
113.58504486083984
113.00531005859375
111.76261901855469
111.18838500976562
111.66277313232422
111.21702575683594
110.23467254638672
110.7903823852539
108.38298034667969
109.58148193359375
110.04896545410156
108.30451965332031
108.1231460571289
107.52845001220703
107.06934356689453
107.69734954833984
107.18770599365234
106.99868774414062
106.05035400390625
105.55177307128906
105.01284790039062
105.2734603881836
105.494873046875
104.32676696777344
104.47981262207031
103.80224609375
104.0975341796875
103.42285919189453
103.22679901123047
102.36903381347656
102.63640594482422
102.06049346923828
101.10688781738281
101.68907165527344
100.24192810058594
100.69609069824219
100.91058349609375
99.8666763305664
100.71472930908203
99.36685943603516
99.5107192993164
99.63198852539062
99.08042907714844
97.78111267089844
99.26712036132812
97.97242736816406
98.17444610595703
98.51570892333984
97.70494842529297
96.93351745605469
98.02732849121094
96.3518295288086
97.07608032226562
96.91226196289062
95.8572006225586
97.13216400146484
96.28438568115234
95.90531921386719
94.48418426513672
95.56188201904297
94.97354125976562
94.52223205566406
93.50086212158203
94.04969787597656
93.99673461914062
94.14215087890625
93.6192626953125
93.38201141357422
92.58250427246094
91.32972717285156
93.11317443847656
94.23126220703125
92.29155731201172
92.02177429199219
91.95387268066406
91.61431121826172
92.17060852050781
91.5960922241211
90.42570495605469
92.07276153564453
90.32057189941406
90.8995590209961
89.74832153320312
90.38201904296875
90.15767669677734
89.96707153320312
89.45625305175781
90.33592224121094
88.5733642578125
88.2416000366211
89.57008361816406
88.94964599609375
88.43097686767578
88.79150390625
87.27238464355469
88.08857727050781
87.6666030883789
88.63706970214844
88.31784057617188
87.93250274658203
88.47933197021484
86.9964370727539
85.93693542480469
87.08087158203125
85.70338439941406
86.8030776977539
85.49651336669922
85.07139587402344
85.42791748046875
84.89447021484375
86.44364166259766
86.29438018798828
85.29521942138672
84.62922668457031
83.88800048828125
84.04830169677734
84.67913818359375
84.57102966308594
83.52010345458984
84.53508758544922
83.15767669677734
83.12850189208984
84.47450256347656
84.33150482177734
84.0130615234375
81.87430572509766
82.31647491455078
82.63188934326172
82.13360595703125
81.8179931640625
83.07456970214844
82.91109466552734
82.19989776611328
81.66374969482422
82.98641967773438
81.9463882446289
81.68476867675781
81.02491760253906
81.7193603515625
81.20728302001953
80.811279296875
81.75367736816406
81.07022857666016
80.19390869140625
80.61432647705078
79.6187744140625
80.16514587402344
81.47079467773438
79.79769897460938
79.28126525878906
80.37971496582031
79.54942321777344
79.1005859375
79.93048858642578
79.50924682617188
79.21117401123047
78.11266326904297
78.80691528320312
78.64440155029297
78.29998016357422
78.43492126464844
78.50725555419922
78.44483947753906
79.093505859375
78.74405670166016
77.25943756103516
77.9994888305664
76.80648803710938
77.43103790283203
76.3353500366211
78.38589477539062
78.50997924804688
76.13154602050781
75.82011413574219
76.51151275634766
77.37559509277344
77.00579833984375
76.45500183105469
75.47097778320312
75.24215698242188
75.9726791381836
77.3221435546875
75.8584213256836
75.06356811523438
75.61988830566406
75.22555541992188
76.50141143798828
75.29930114746094
75.54163360595703
75.28466033935547
75.62205505371094
75.67092895507812
74.61155700683594
74.39363098144531
73.94390869140625
73.70046997070312
74.07898712158203
73.73904418945312
73.96065521240234
74.11965942382812
74.79317474365234
74.7958755493164
73.74707794189453
73.21896362304688
73.43204498291016
72.70104217529297
72.38697052001953
71.42312622070312
73.15219116210938
72.15168762207031
71.9913558959961
72.95158386230469
72.67224884033203
72.56189727783203
72.3823471069336
72.40467071533203
73.80816650390625
72.63646697998047
71.65461730957031
71.67864990234375
72.41474914550781
72.04618835449219
70.7188720703125
73.74824523925781
71.11891174316406
71.20892333984375
71.5886459350586
70.37981414794922
70.57946014404297
71.41512298583984
71.0080337524414
71.37461853027344
70.65021514892578
71.58602905273438
70.14148712158203
70.68548583984375
69.17259979248047
70.0843505859375
70.28211975097656
70.10160827636719
70.40933990478516
70.04119110107422
68.1679916381836
69.76766204833984
69.4585952758789
69.25868225097656
70.28206634521484
69.82638549804688
68.97116088867188
69.85858917236328
68.30220794677734
70.76895141601562
68.2206039428711
68.16297912597656
68.55632019042969
68.31485748291016
68.24547576904297
69.1715316772461
68.29464721679688
67.5892105102539
67.81829833984375
68.69625854492188
67.9437255859375
68.32694244384766
67.66704559326172
67.85578918457031
68.02224731445312
68.54595947265625
67.69969177246094
67.80642700195312
67.12551879882812
66.43883514404297
67.45592498779297
66.24320983886719
66.26237487792969
66.30396270751953
66.03602600097656
67.15089416503906
66.01680755615234
68.10829162597656
66.75415802001953
66.2130355834961
67.32962799072266
64.81549072265625
66.0089111328125
66.83950805664062
64.60127258300781
64.76402282714844
66.39669036865234
66.18062591552734
66.58301544189453
65.89308166503906
65.6792221069336
65.97350311279297
63.857967376708984
64.59708404541016
64.7115249633789
64.60868835449219
65.19951629638672
63.55543518066406
63.634422302246094
63.27814865112305
64.78617095947266
64.79055786132812
66.80525970458984
64.5079116821289
64.4676284790039
64.61380004882812
65.72895050048828
64.27458953857422
63.905029296875
64.667236328125
63.67823028564453
64.50897216796875
64.56147766113281
64.70793914794922
63.53982162475586
63.17349624633789
63.79597854614258
63.23394775390625
65.25010681152344
62.35585403442383
64.14502716064453
64.87140655517578
62.21799087524414
63.800601959228516
63.11866760253906
62.723838806152344
62.996559143066406
62.05475997924805
62.322975158691406
63.030120849609375
61.81593704223633
60.865936279296875
61.065040588378906
62.07279968261719
61.54071044921875
63.2929801940918
62.609405517578125
60.743247985839844
62.13847351074219
62.29798889160156
60.74150085449219
62.250328063964844
62.558013916015625
62.37953186035156
62.95323181152344
61.24969482421875
61.15550994873047
61.55915069580078
61.296791076660156
59.835914611816406
61.188560485839844
62.21413803100586
61.791717529296875
61.22195816040039
59.90538787841797
61.18882751464844
60.95747375488281
59.82244873046875
61.24242401123047
61.01294708251953
60.43922805786133
60.258399963378906
59.8385124206543
60.922462463378906
60.400794982910156
61.16604232788086
60.22962951660156
60.71915054321289
57.90324783325195
60.22713851928711
60.0548210144043
60.102699279785156
59.42683410644531
59.831817626953125
59.062747955322266
58.788368225097656
59.24187088012695
60.41450119018555
58.8609619140625
59.52521896362305
58.74384689331055
59.48876190185547
59.718685150146484
58.637062072753906
58.61777114868164
59.83915710449219
59.318206787109375
58.7357063293457
58.00383758544922
58.20569610595703
58.60144805908203
58.03270721435547
58.59710693359375
59.459205627441406
58.595909118652344
58.67356872558594
57.065128326416016
57.772010803222656
57.73297882080078
59.017433166503906
59.1480712890625
58.21249771118164
57.99124526977539
57.74106216430664
56.616668701171875
58.4243049621582
57.45403289794922
56.98006057739258
56.53639602661133
56.7213020324707
57.17008972167969
56.660430908203125
59.01087951660156
57.60881805419922
56.54383850097656
56.64710998535156
57.785491943359375
56.861900329589844
56.82169723510742
57.203216552734375
56.358619689941406
58.26534652709961
56.88812255859375
55.99239730834961
57.042823791503906
57.50358200073242
57.08403015136719
57.9388427734375
56.21915817260742
55.957637786865234
55.83804702758789
56.30422592163086
56.72223663330078
55.49724197387695
55.728275299072266
55.74551773071289
55.65068054199219
56.07290267944336
55.16472625732422
55.92854309082031
54.901824951171875
56.61643981933594
57.132530212402344
56.05598831176758
54.967323303222656
54.354957580566406
55.93319320678711
54.888065338134766
53.97461700439453
55.40548324584961
55.971534729003906
54.683685302734375
54.63794708251953
54.591243743896484
55.543617248535156
54.8679084777832
55.72304153442383
54.77700424194336
56.06840133666992
54.38432312011719
54.351993560791016
55.343807220458984
54.720481872558594
54.5831184387207
54.1876220703125
54.30337905883789
54.17861557006836
54.281585693359375
54.29753112792969
53.91442108154297
54.14689254760742
53.71764373779297
54.667240142822266
53.50111389160156
54.30817794799805
55.07012939453125
53.237937927246094
51.97862243652344
52.837955474853516
55.48896789550781
53.95655059814453
53.01814270019531
53.613704681396484
54.7595329284668
53.135520935058594
53.69407272338867
53.790550231933594
53.60831069946289
53.99251937866211
52.62931442260742
52.80564498901367
52.83395004272461
54.26674270629883
51.98102569580078
51.70368957519531
53.06224822998047
51.301177978515625
52.28986358642578
51.56609344482422
53.003684997558594
52.283626556396484
53.07622528076172
53.253238677978516
52.168643951416016
51.51558303833008
52.38048553466797
52.8254280090332
52.650142669677734
52.232826232910156
52.43516159057617
52.858219146728516
53.25663757324219
51.75934982299805
51.52455139160156
51.73925018310547
52.148841857910156
51.98686218261719
53.045528411865234
53.10404968261719
52.49836349487305
50.15269088745117
53.286136627197266
51.8988037109375
51.1476936340332
50.15263748168945
51.441043853759766
49.991371154785156
51.655738830566406
50.52006149291992
51.959373474121094
51.08152389526367
52.007286071777344
52.344329833984375
50.78054428100586
51.92474365234375
51.18705749511719
50.997310638427734
50.844825744628906
51.42202377319336
50.01242446899414
52.18593215942383
50.589237213134766
50.759151458740234
51.9453239440918
50.27838134765625
52.516143798828125
49.55662536621094
50.318302154541016
51.266204833984375
49.88053894042969
50.2850341796875
49.120872497558594
50.92401123046875
50.46867370605469
51.292449951171875
48.81517791748047
49.2920036315918
49.53822708129883
49.76241683959961
50.392364501953125
49.30860900878906
48.8864631652832
51.01231384277344
49.77025604248047
49.66926574707031
50.272560119628906
50.4060173034668
49.711795806884766
51.468505859375
49.1597785949707
49.99798583984375
49.47590637207031
49.7694091796875
47.99894714355469
49.88070297241211
49.98483657836914
49.120418548583984
48.331878662109375
49.41346740722656
47.82875061035156
49.360206604003906
48.62965774536133
48.336326599121094
48.89402389526367
48.95083999633789
48.8250846862793
49.36299133300781
50.137107849121094
48.40654373168945
48.879638671875
48.30727005004883
48.41107177734375
48.220462799072266
46.8880729675293
48.760494232177734
48.36785125732422
49.84170150756836
47.397560119628906
46.268707275390625
48.87363052368164
47.83315658569336
48.39486312866211
49.83184051513672
49.54209899902344
47.241943359375
49.00694274902344
48.160911560058594
48.366031646728516
47.78276443481445
48.39946365356445
48.567073822021484
47.79379653930664
48.12950134277344
47.462398529052734
47.21650695800781
47.571048736572266
48.0648193359375
48.37687301635742
48.333274841308594
47.28217697143555
48.910430908203125
47.62481689453125
47.25524139404297
46.38671875
48.79377746582031
46.54435729980469
45.88203430175781
47.561038970947266
46.632545471191406
47.76923370361328
46.5417594909668
47.622337341308594
46.738739013671875
47.05497360229492
46.24006652832031
45.75699996948242
45.396236419677734
47.31848907470703
48.11927795410156
46.960350036621094
47.4148063659668
47.766998291015625
45.91526412963867
47.456878662109375
45.66128921508789
47.39854431152344
45.66112518310547
46.46745681762695
46.41389083862305
46.81496810913086
45.171016693115234
46.365325927734375
46.02392578125
46.96045684814453
46.91998291015625
46.39606475830078
45.98679733276367
46.476158142089844
45.50101089477539
47.78054428100586
45.268436431884766
46.27219009399414
44.5794792175293
45.64622497558594
45.59752655029297
45.60215759277344
45.82244110107422
44.82160568237305
45.6749153137207
46.1353645324707
46.61030960083008
46.011009216308594
45.71998596191406
46.494415283203125
45.28413772583008
46.50582504272461
44.84980392456055
46.41280746459961
45.714195251464844
45.61345672607422
45.45917892456055
43.79365539550781
44.85728454589844
46.14877700805664
46.30207443237305
45.294776916503906
43.2859001159668
43.411766052246094
44.16914367675781
43.89812469482422
45.16063690185547
45.28620529174805
43.85757827758789
46.010929107666016
45.074974060058594
43.929866790771484
43.75521469116211
43.8862419128418
45.61779022216797
45.45210266113281
45.61094284057617
43.99562072753906
44.01816177368164
43.77490234375
45.14707946777344
46.454559326171875
44.84734344482422
44.97683334350586
42.78404998779297
43.29790115356445
44.48577117919922
43.8016471862793
45.33976364135742
43.07086944580078
44.3484992980957
42.968692779541016
44.217201232910156
44.967987060546875
43.58607864379883
44.49207305908203
43.576507568359375
43.37317657470703
44.34429168701172
44.10003662109375
42.35448455810547
42.706451416015625
43.73017883300781
44.55424499511719
44.61221694946289
42.98501205444336
42.137630462646484
43.39836502075195
43.07759475708008
44.32593536376953
42.18589401245117
42.42045211791992
43.900390625
42.3323974609375
45.1260986328125
42.65121078491211
43.267982482910156
42.63319396972656
42.775455474853516
43.03285217285156
43.92640686035156
44.521610260009766
42.84930419921875
43.73222732543945
42.88840866088867
42.72688293457031
41.886940002441406
42.64637756347656
43.850242614746094
42.333255767822266
43.19602584838867
43.47803497314453
42.503440856933594
43.494598388671875
42.68893051147461
42.741127014160156
42.58113479614258
41.69779968261719
42.32193374633789
43.08226013183594
42.29180908203125
42.9991455078125
41.948326110839844
42.25276565551758
42.11073684692383
43.278778076171875
41.105770111083984
42.9605598449707
42.358863830566406
43.458187103271484
42.678951263427734
40.86833953857422
43.417724609375
40.8748893737793
42.88911437988281
40.25601577758789
40.263031005859375
42.108882904052734
41.76548385620117
42.462528228759766
41.676326751708984
40.29281997680664
42.5308952331543
40.499427795410156
43.33584213256836
41.303627014160156
40.93595504760742
42.14137268066406
40.59878921508789
41.085731506347656
42.46426010131836
42.64002990722656
41.661190032958984
42.89265441894531
41.66413879394531
41.81366729736328
41.376949310302734
39.94468688964844
40.676246643066406
42.05170822143555
41.51829147338867
40.66905975341797
40.73442459106445
41.3031120300293
41.001216888427734
41.58082580566406
39.929718017578125
41.706634521484375
41.175289154052734
41.02461624145508
40.48096466064453
41.41158676147461
41.05926513671875
40.915260314941406
40.87238311767578
40.885040283203125
40.02273941040039
41.96721267700195
40.78215789794922
41.40575408935547
41.80134582519531
40.39854431152344
40.47278594970703
41.21070098876953
41.02543640136719
38.73314666748047
38.63602828979492
40.05767059326172
40.62019729614258
39.203983306884766
41.87847900390625
39.59107971191406
41.60057830810547
40.25101852416992
41.48513412475586
38.49738311767578
40.70427322387695
39.45791244506836
39.69734573364258
40.1011848449707
40.47187423706055
41.94017028808594
39.01350021362305
39.96234893798828
40.16983413696289
39.0156135559082
40.40802764892578
39.41465377807617
39.56264877319336
38.941165924072266
39.520572662353516
40.68980407714844
38.74977111816406
39.385765075683594
39.246212005615234
40.632293701171875
41.36317443847656
38.387577056884766
39.38743591308594
39.76420974731445
41.3692512512207
37.98543167114258
40.664512634277344
38.43628692626953
39.41255569458008
39.739994049072266
39.207481384277344
38.571109771728516
38.80155944824219
39.33695602416992
39.16316604614258
39.88719177246094
38.67850875854492
38.43949890136719
40.0760498046875
38.45100021362305
39.3001708984375
38.6198844909668
37.92010498046875
38.44972229003906
38.49531173706055
40.11098098754883
38.64426803588867
39.9388542175293
39.482261657714844
39.784332275390625
40.19075393676758
39.54095458984375
38.776763916015625
39.42748260498047
37.648963928222656
37.74201583862305
37.94255828857422
38.21110153198242
40.05043411254883
37.98234558105469
39.12995910644531
38.15068435668945
37.94561767578125
37.36140441894531
37.616241455078125
37.52903747558594
36.96538162231445
39.33881378173828
38.62059783935547
38.70594024658203
38.30690002441406
37.75103759765625
36.67200469970703
38.194698333740234
38.21369934082031
38.26447677612305
37.77985763549805
38.95624542236328
38.21521759033203
39.1479606628418
39.314903259277344
38.31098937988281
37.732906341552734
36.73815155029297
38.33317184448242
37.77677536010742
39.231353759765625
38.958984375
38.25518035888672
38.52709197998047
38.43190383911133
37.68147659301758
37.00727462768555
36.015682220458984
37.25408935546875
38.45893096923828
38.5672607421875
38.45719528198242
37.82963180541992
37.92094421386719
37.05537033081055
37.40338134765625
38.13154602050781
37.144290924072266
37.89874267578125
38.962284088134766
35.9532470703125
37.69657516479492
37.1832389831543
36.72040557861328
37.290985107421875
36.724613189697266
36.08513641357422
37.129493713378906
36.749393463134766
35.90953826904297
38.438480377197266
37.48872756958008
37.088924407958984
36.208595275878906
35.868438720703125
36.67148971557617
37.002113342285156
36.85652160644531
36.5499382019043
38.0501708984375
38.390933990478516
36.84779739379883
37.507240295410156
36.66865539550781
36.93595504760742
36.58561706542969
35.6030387878418
37.09206771850586
36.029396057128906
36.57757568359375
37.548072814941406
36.35645294189453
36.66887664794922
37.20337677001953
37.41682052612305
36.11115646362305
36.435760498046875
36.18342590332031
36.79527282714844
36.53692626953125
35.65279006958008
37.18427276611328
36.03459548950195
35.97956085205078
36.28738021850586
37.66984176635742
36.562198638916016
36.10519027709961
35.85203552246094
35.675933837890625
36.972530364990234
35.359130859375
35.42723846435547
34.61896514892578
36.33531951904297
36.85855484008789
33.90026092529297
35.48491287231445
35.806575775146484
34.50652313232422
36.53730773925781
36.81135940551758
35.683380126953125
35.54570007324219
35.167457580566406
36.147151947021484
35.941471099853516
37.486351013183594
37.25574493408203
36.248512268066406
34.441162109375
35.65398406982422
35.06889343261719
35.57276916503906
35.67891311645508
35.608394622802734
34.96041488647461
35.812992095947266
36.09107971191406
34.854270935058594
34.358924865722656
37.11029052734375
35.39248275756836
36.30608367919922
34.81747055053711
36.27964782714844
35.974937438964844
34.86116027832031
34.835445404052734
35.74686050415039
35.400917053222656
34.46674728393555
34.51490783691406
35.465118408203125
35.63877487182617
34.95573806762695
34.87937927246094
35.287841796875
36.054073333740234
35.02547836303711
34.9913444519043
36.50055694580078
33.181060791015625
34.099430084228516
33.827064514160156
35.00513458251953
33.637115478515625
35.288509368896484
34.91664123535156
34.82038116455078
35.93928146362305
33.55699157714844
36.498680114746094
34.17338943481445
33.863067626953125
35.76298522949219
35.25160598754883
35.59819030761719
34.45665740966797
34.75933074951172
37.495338439941406
34.692649841308594
33.73070526123047
34.25981140136719
34.51935958862305
34.460472106933594
33.72664260864258
33.29961013793945
35.064537048339844
35.106258392333984
35.3505744934082
35.896339416503906
35.66960525512695
33.76511764526367
34.217735290527344
34.44416427612305
34.35496520996094
32.912925720214844
33.87443542480469
33.922874450683594
34.50483703613281
33.42478942871094
34.11331558227539
34.82122039794922
35.13188171386719
34.08506393432617
33.43147277832031
33.509063720703125
33.756622314453125
33.55734634399414
32.45732879638672
32.86102294921875
34.00989532470703
33.488834381103516
33.02623748779297
33.740928649902344
34.67095947265625
33.20404052734375
34.0521125793457
32.9379997253418
34.69865798950195
34.005558013916016
33.23321533203125
35.242862701416016
33.02599334716797
34.94015121459961
33.1302604675293
34.033267974853516
32.629817962646484
35.238861083984375
35.06517791748047
34.66661834716797
33.4891357421875
32.05640411376953
33.61089324951172
33.62607192993164
33.23341369628906
32.413917541503906
32.123573303222656
33.94990158081055
32.780391693115234
32.409767150878906
33.26030731201172
31.849748611450195
33.62948989868164
33.00301742553711
33.75150680541992
32.12235641479492
33.44697570800781
32.27455520629883
31.846660614013672
33.47559356689453
33.146907806396484
31.753244400024414
33.997955322265625
31.46255111694336
33.016395568847656
34.01816177368164
33.28953552246094
32.130611419677734
33.261505126953125
33.370994567871094
32.666015625
32.564327239990234
32.751949310302734
33.19429016113281
32.39219284057617
33.53776550292969
33.74677658081055
33.898826599121094
32.42915344238281
34.16799545288086
32.60641860961914
33.20954895019531
30.9089298248291
32.51528549194336
32.65202713012695
32.798240661621094
31.481477737426758
32.78682327270508
32.431068420410156
32.34405517578125
31.374027252197266
32.63951110839844
32.594661712646484
32.19193649291992
32.38185119628906
31.675682067871094
33.282073974609375
32.554176330566406
33.87333297729492
32.29705047607422
32.84278869628906
31.213754653930664
32.281288146972656
32.08515930175781
31.876203536987305
33.68199920654297
30.681039810180664
33.24034118652344
31.827869415283203
31.59775161743164
32.55724334716797
32.06951141357422
30.802701950073242
32.0609130859375
32.22810363769531
30.26087188720703
31.867542266845703
33.30096435546875
31.101585388183594
33.36176681518555
33.59831619262695
30.31157112121582
32.102264404296875
31.721851348876953
31.190549850463867
32.039371490478516
31.63446807861328
30.561485290527344
32.49534606933594
33.05839157104492
32.02510070800781
30.846651077270508
31.499277114868164
30.595088958740234
32.49563217163086
32.214378356933594
30.34066390991211
31.967283248901367
32.36117935180664
32.639747619628906
31.01100730895996
31.660707473754883
30.975032806396484
31.056068420410156
31.282817840576172
31.348392486572266
31.212947845458984
29.5120906829834
30.49083709716797
33.93107223510742
31.787010192871094
32.49338150024414
32.38326644897461
30.835073471069336
31.751453399658203
30.7580509185791
32.303749084472656
31.106494903564453
32.05025100708008
29.81743621826172
30.955366134643555
30.543733596801758
32.024261474609375
31.560089111328125
30.227399826049805
31.250545501708984
30.671104431152344
30.913663864135742
30.505348205566406
30.6015625
31.059070587158203
31.95572280883789
31.129005432128906
32.094451904296875
30.510299682617188
31.052637100219727
31.01578140258789
31.108051300048828
31.053741455078125
29.962142944335938
30.089862823486328
30.26304817199707
30.898109436035156
29.91413116455078
30.26996421813965
29.33896255493164
30.515050888061523
30.469375610351562
30.443090438842773
32.703529357910156
30.51967430114746
31.667003631591797
29.590290069580078
30.322383880615234
30.112146377563477
30.450077056884766
31.388629913330078
30.792598724365234
30.05632972717285
31.216354370117188
30.573415756225586
29.76441192626953
30.798494338989258
29.710098266601562
28.497957229614258
30.303672790527344
31.552406311035156
30.286842346191406
30.00889778137207
31.156936645507812
29.72533416748047
29.640575408935547
30.214780807495117
31.70083236694336
30.29192352294922
29.52867317199707
29.740110397338867
30.516136169433594
30.075843811035156
29.592445373535156
30.94773292541504
29.227230072021484
31.250503540039062
30.112119674682617
29.921875
28.932451248168945
30.977828979492188
29.631309509277344
30.206768035888672
30.01121711730957
28.952747344970703
30.060062408447266
30.08541488647461
28.920143127441406
30.274538040161133
28.08277130126953
29.225685119628906
28.99626350402832
31.024887084960938
30.140342712402344
29.630435943603516
30.545730590820312
29.987747192382812
29.46578598022461
28.782983779907227
30.83478355407715
28.17382049560547
29.878219604492188
28.94049835205078
29.418851852416992
29.809066772460938
30.55461311340332
29.66207504272461
29.030216217041016
31.155864715576172
29.99805450439453
29.59041404724121
29.690176010131836
29.856306076049805
31.181678771972656
27.870534896850586
29.972949981689453
30.443878173828125
30.470359802246094
29.62273406982422
29.49164581298828
29.538105010986328
28.177419662475586
28.918237686157227
29.22917938232422
28.30376434326172
27.72086524963379
29.03155517578125
28.855133056640625
28.893356323242188
29.820674896240234
28.343637466430664
29.18838882446289
28.629125595092773
29.488506317138672
27.973432540893555
29.04816246032715
30.058069229125977
29.24430274963379
29.927671432495117
28.371946334838867
29.12548828125
27.810640335083008
27.856733322143555
28.456022262573242
29.42298126220703
29.47863006591797
28.09954261779785
28.52089500427246
28.804235458374023
30.115907669067383
28.752178192138672
28.405954360961914
28.492992401123047
28.61090850830078
29.396060943603516
30.641212463378906
28.2540225982666
30.042434692382812
28.958436965942383
28.186635971069336
28.37142562866211
28.444229125976562
28.984695434570312
28.74908447265625
28.0684814453125
28.76632308959961
28.63645362854004
28.081607818603516
28.105913162231445
28.195261001586914
28.870384216308594
27.78337287902832
30.310897827148438
28.3193302154541
28.20911407470703
28.55544090270996
27.12804412841797
29.50829315185547
28.724258422851562
28.28141212463379
28.190162658691406
27.781471252441406
26.822410583496094
27.91687774658203
29.295940399169922
28.446086883544922
27.932722091674805
28.49366569519043
28.770353317260742
29.05976104736328
27.477935791015625
27.732446670532227
26.82726287841797
30.19631576538086
27.882200241088867
27.17600440979004
27.83209228515625
28.539098739624023
