Mean Rank: 556
Mean RR: 0.3421
Hit@1: 0.2522
Hit@3: 0.4321
Hit@5: 0.4871
Hit@10: 0.4962
126.86630249023438
126.90628051757812
126.5165786743164
126.27361297607422
124.2089614868164
124.85511779785156
123.7493896484375
122.72637939453125
122.89641571044922
121.85260772705078
120.87833404541016
122.05033874511719
119.92964172363281
120.44625091552734
117.80352783203125
117.70317077636719
117.50885772705078
118.46334075927734
115.66743469238281
116.98355102539062
115.77677917480469
114.95721435546875
114.32279205322266
114.48332214355469
114.3404541015625
113.99226379394531
113.58504486083984
113.00531005859375
111.76261901855469
111.18838500976562
111.66277313232422
111.21702575683594
110.23467254638672
110.7903823852539
108.38298034667969
109.58148193359375
110.04896545410156
108.30451965332031
108.1231460571289
107.52845001220703
107.06934356689453
107.69734954833984
107.18770599365234
106.99868774414062
106.05035400390625
105.55177307128906
105.01284790039062
105.2734603881836
105.494873046875
104.32676696777344
104.47981262207031
103.80224609375
104.0975341796875
103.42285919189453
103.22679901123047
102.36903381347656
102.63640594482422
102.06049346923828
101.10688781738281
101.68907165527344
100.24192810058594
100.69609069824219
100.91058349609375
99.8666763305664
100.71472930908203
99.36685943603516
99.5107192993164
99.63198852539062
99.08042907714844
97.78111267089844
99.26712036132812
97.97242736816406
98.17444610595703
98.51570892333984
97.70494842529297
96.93351745605469
98.02732849121094
96.3518295288086
97.07608032226562
96.91226196289062
95.8572006225586
97.13216400146484
96.28438568115234
95.90531921386719
94.48418426513672
95.56188201904297
94.97354125976562
94.52223205566406
93.50086212158203
94.04969787597656
93.99673461914062
94.14215087890625
93.6192626953125
93.38201141357422
92.58250427246094
91.32972717285156
93.11317443847656
94.23126220703125
92.29155731201172
92.02177429199219
91.95387268066406
91.61431121826172
92.17060852050781
91.5960922241211
90.42570495605469
92.07276153564453
90.32057189941406
90.8995590209961
89.74832153320312
90.38201904296875
90.15767669677734
89.96707153320312
89.45625305175781
90.33592224121094
88.5733642578125
88.2416000366211
89.57008361816406
88.94964599609375
88.43097686767578
88.79150390625
87.27238464355469
88.08857727050781
87.6666030883789
88.63706970214844
88.31784057617188
87.93250274658203
88.47933197021484
86.9964370727539
85.93693542480469
87.08087158203125
85.70338439941406
86.8030776977539
85.49651336669922
85.07139587402344
85.42791748046875
84.89447021484375
86.44364166259766
86.29438018798828
85.29521942138672
84.62922668457031
83.88800048828125
84.04830169677734
84.67913818359375
84.57102966308594
83.52010345458984
84.53508758544922
83.15767669677734
83.12850189208984
84.47450256347656
84.33150482177734
84.0130615234375
81.87430572509766
82.31647491455078
82.63188934326172
82.13360595703125
81.8179931640625
83.07456970214844
82.91109466552734
82.19989776611328
81.66374969482422
82.98641967773438
81.9463882446289
81.68476867675781
81.02491760253906
81.7193603515625
81.20728302001953
80.811279296875
81.75367736816406
81.07022857666016
80.19390869140625
80.61432647705078
79.6187744140625
80.16514587402344
81.47079467773438
79.79769897460938
79.28126525878906
80.37971496582031
79.54942321777344
79.1005859375
79.93048858642578
79.50924682617188
79.21117401123047
78.11266326904297
78.80691528320312
78.64440155029297
78.29998016357422
78.43492126464844
78.50725555419922
78.44483947753906
79.093505859375
78.74405670166016
77.25943756103516
77.9994888305664
76.80648803710938
77.43103790283203
76.3353500366211
78.38589477539062
78.50997924804688
76.13154602050781
75.82011413574219
76.51151275634766
77.37559509277344
77.00579833984375
76.45500183105469
75.47097778320312
75.24215698242188
75.9726791381836
77.3221435546875
75.8584213256836
75.06356811523438
75.61988830566406
75.22555541992188
76.50141143798828
75.29930114746094
75.54163360595703
75.28466033935547
75.62205505371094
75.67092895507812
74.61155700683594
74.39363098144531
73.94390869140625
73.70046997070312
74.07898712158203
73.73904418945312
73.96065521240234
74.11965942382812
74.79317474365234
74.7958755493164
73.74707794189453
73.21896362304688
73.43204498291016
72.70104217529297
72.38697052001953
71.42312622070312
73.15219116210938
72.15168762207031
71.9913558959961
72.95158386230469
72.67224884033203
72.56189727783203
72.3823471069336
72.40467071533203
73.80816650390625
72.63646697998047
71.65461730957031
71.67864990234375
72.41474914550781
72.04618835449219
70.7188720703125
73.74824523925781
71.11891174316406
71.20892333984375
71.5886459350586
70.37981414794922
70.57946014404297
71.41512298583984
71.0080337524414
71.37461853027344
70.65021514892578
71.58602905273438
70.14148712158203
70.68548583984375
69.17259979248047
70.0843505859375
70.28211975097656
70.10160827636719
70.40933990478516
70.04119110107422
68.1679916381836
69.76766204833984
69.4585952758789
69.25868225097656
70.28206634521484
69.82638549804688
68.97116088867188
69.85858917236328
68.30220794677734
70.76895141601562
68.2206039428711
68.16297912597656
68.55632019042969
68.31485748291016
68.24547576904297
69.1715316772461
68.29464721679688
67.5892105102539
67.81829833984375
68.69625854492188
67.9437255859375
68.32694244384766
67.66704559326172
67.85578918457031
68.02224731445312
68.54595947265625
67.69969177246094
67.80642700195312
67.12551879882812
66.43883514404297
67.45592498779297
66.24320983886719
66.26237487792969
66.30396270751953
66.03602600097656
67.15089416503906
66.01680755615234
68.10829162597656
66.75415802001953
66.2130355834961
67.32962799072266
64.81549072265625
66.0089111328125
66.83950805664062
64.60127258300781
64.76402282714844
66.39669036865234
66.18062591552734
66.58301544189453
65.89308166503906
65.6792221069336
65.97350311279297
63.857967376708984
64.59708404541016
64.7115249633789
64.60868835449219
65.19951629638672
63.55543518066406
63.634422302246094
63.27814865112305
64.78617095947266
64.79055786132812
66.80525970458984
64.5079116821289
64.4676284790039
64.61380004882812
65.72895050048828
64.27458953857422
63.905029296875
64.667236328125
63.67823028564453
64.50897216796875
64.56147766113281
64.70793914794922
63.53982162475586
63.17349624633789
63.79597854614258
63.23394775390625
65.25010681152344
62.35585403442383
64.14502716064453
64.87140655517578
62.21799087524414
63.800601959228516
63.11866760253906
62.723838806152344
62.996559143066406
62.05475997924805
62.322975158691406
63.030120849609375
61.81593704223633
60.865936279296875
61.065040588378906
62.07279968261719
61.54071044921875
63.2929801940918
62.609405517578125
60.743247985839844
62.13847351074219
62.29798889160156
60.74150085449219
62.250328063964844
62.558013916015625
62.37953186035156
62.95323181152344
61.24969482421875
61.15550994873047
61.55915069580078
61.296791076660156
59.835914611816406
61.188560485839844
62.21413803100586
61.791717529296875
61.22195816040039
59.90538787841797
61.18882751464844
60.95747375488281
59.82244873046875
61.24242401123047
61.01294708251953
60.43922805786133
60.258399963378906
59.8385124206543
60.922462463378906
60.400794982910156
61.16604232788086
60.22962951660156
60.71915054321289
57.90324783325195
60.22713851928711
60.0548210144043
60.102699279785156
59.42683410644531
59.831817626953125
59.062747955322266
58.788368225097656
59.24187088012695
60.41450119018555
58.8609619140625
59.52521896362305
58.74384689331055
59.48876190185547
59.718685150146484
58.637062072753906
58.61777114868164
59.83915710449219
59.318206787109375
58.7357063293457
58.00383758544922
58.20569610595703
58.60144805908203
58.03270721435547
58.59710693359375
59.459205627441406
58.595909118652344
58.67356872558594
57.065128326416016
57.772010803222656
57.73297882080078
59.017433166503906
59.1480712890625
58.21249771118164
57.99124526977539
57.74106216430664
56.616668701171875
58.4243049621582
57.45403289794922
56.98006057739258
56.53639602661133
56.7213020324707
57.17008972167969
56.660430908203125
59.01087951660156
57.60881805419922
56.54383850097656
56.64710998535156
57.785491943359375
56.861900329589844
56.82169723510742
57.203216552734375
56.358619689941406
58.26534652709961
56.88812255859375
55.99239730834961
57.042823791503906
57.50358200073242
57.08403015136719
57.9388427734375
56.21915817260742
55.957637786865234
55.83804702758789
56.30422592163086
56.72223663330078
55.49724197387695
55.728275299072266
55.74551773071289
55.65068054199219
56.07290267944336
55.16472625732422
55.92854309082031
54.901824951171875
56.61643981933594
57.132530212402344
56.05598831176758
54.967323303222656
54.354957580566406
55.93319320678711
54.888065338134766
53.97461700439453
55.40548324584961
55.971534729003906
54.683685302734375
54.63794708251953
54.591243743896484
55.543617248535156
54.8679084777832
55.72304153442383
54.77700424194336
56.06840133666992
54.38432312011719
54.351993560791016
55.343807220458984
54.720481872558594
54.5831184387207
54.1876220703125
54.30337905883789
54.17861557006836
54.281585693359375
54.29753112792969
53.91442108154297
54.14689254760742
53.71764373779297
54.667240142822266
53.50111389160156
54.30817794799805
55.07012939453125
53.237937927246094
51.97862243652344
52.837955474853516
55.48896789550781
53.95655059814453
53.01814270019531
53.613704681396484
54.7595329284668
53.135520935058594
53.69407272338867
53.790550231933594
53.60831069946289
53.99251937866211
52.62931442260742
52.80564498901367
52.83395004272461
54.26674270629883
51.98102569580078
51.70368957519531
53.06224822998047
51.301177978515625
52.28986358642578
51.56609344482422
53.003684997558594
52.283626556396484
53.07622528076172
53.253238677978516
52.168643951416016
51.51558303833008
52.38048553466797
52.8254280090332
52.650142669677734
52.232826232910156
52.43516159057617
52.858219146728516
53.25663757324219
51.75934982299805
51.52455139160156
51.73925018310547
52.148841857910156
51.98686218261719
53.045528411865234
53.10404968261719
52.49836349487305
50.15269088745117
53.286136627197266
51.8988037109375
51.1476936340332
50.15263748168945
51.441043853759766
49.991371154785156
51.655738830566406
50.52006149291992
51.959373474121094
51.08152389526367
52.007286071777344
52.344329833984375
50.78054428100586
51.92474365234375
51.18705749511719
50.997310638427734
50.844825744628906
51.42202377319336
50.01242446899414
52.18593215942383
50.589237213134766
50.759151458740234
51.9453239440918
50.27838134765625
52.516143798828125
49.55662536621094
50.318302154541016
51.266204833984375
49.88053894042969
50.2850341796875
49.120872497558594
50.92401123046875
50.46867370605469
51.292449951171875
48.81517791748047
49.2920036315918
49.53822708129883
49.76241683959961
50.392364501953125
49.30860900878906
48.8864631652832
51.01231384277344
49.77025604248047
49.66926574707031
50.272560119628906
50.4060173034668
49.711795806884766
51.468505859375
49.1597785949707
49.99798583984375
49.47590637207031
49.7694091796875
47.99894714355469
49.88070297241211
49.98483657836914
49.120418548583984
48.331878662109375
49.41346740722656
47.82875061035156
49.360206604003906
48.62965774536133
48.336326599121094
48.89402389526367
48.95083999633789
48.8250846862793
49.36299133300781
50.137107849121094
48.40654373168945
48.879638671875
48.30727005004883
48.41107177734375
48.220462799072266
46.8880729675293
48.760494232177734
48.36785125732422
49.84170150756836
47.397560119628906
46.268707275390625
48.87363052368164
47.83315658569336
48.39486312866211
49.83184051513672
49.54209899902344
47.241943359375
49.00694274902344
48.160911560058594
48.366031646728516
47.78276443481445
48.39946365356445
48.567073822021484
47.79379653930664
48.12950134277344
47.462398529052734
47.21650695800781
47.571048736572266
48.0648193359375
48.37687301635742
48.333274841308594
47.28217697143555
48.910430908203125
47.62481689453125
47.25524139404297
46.38671875
48.79377746582031
46.54435729980469
45.88203430175781
47.561038970947266
46.632545471191406
47.76923370361328
46.5417594909668
47.622337341308594
46.738739013671875
47.05497360229492
46.24006652832031
45.75699996948242
45.396236419677734
47.31848907470703
48.11927795410156
46.960350036621094
47.4148063659668
47.766998291015625
45.91526412963867
47.456878662109375
45.66128921508789
47.39854431152344
45.66112518310547
46.46745681762695
46.41389083862305
46.81496810913086
45.171016693115234
46.365325927734375
46.02392578125
46.96045684814453
46.91998291015625
46.39606475830078
45.98679733276367
46.476158142089844
45.50101089477539
47.78054428100586
45.268436431884766
46.27219009399414
44.5794792175293
45.64622497558594
45.59752655029297
45.60215759277344
45.82244110107422
44.82160568237305
45.6749153137207
46.1353645324707
46.61030960083008
46.011009216308594
45.71998596191406
46.494415283203125
45.28413772583008
46.50582504272461
44.84980392456055
46.41280746459961
45.714195251464844
45.61345672607422
45.45917892456055
43.79365539550781
44.85728454589844
46.14877700805664
46.30207443237305
45.294776916503906
43.2859001159668
43.411766052246094
44.16914367675781
43.89812469482422
45.16063690185547
45.28620529174805
43.85757827758789
46.010929107666016
45.074974060058594
43.929866790771484
43.75521469116211
43.8862419128418
45.61779022216797
45.45210266113281
45.61094284057617
43.99562072753906
44.01816177368164
43.77490234375
45.14707946777344
46.454559326171875
44.84734344482422
44.97683334350586
42.78404998779297
43.29790115356445
44.48577117919922
43.8016471862793
45.33976364135742
43.07086944580078
44.3484992980957
42.968692779541016
44.217201232910156
44.967987060546875
43.58607864379883
44.49207305908203
43.576507568359375
43.37317657470703
44.34429168701172
44.10003662109375
42.35448455810547
42.706451416015625
43.73017883300781
44.55424499511719
44.61221694946289
42.98501205444336
42.137630462646484
43.39836502075195
43.07759475708008
44.32593536376953
42.18589401245117
42.42045211791992
43.900390625
42.3323974609375
45.1260986328125
42.65121078491211
43.267982482910156
42.63319396972656
42.775455474853516
43.03285217285156
43.92640686035156
44.521610260009766
42.84930419921875
43.73222732543945
42.88840866088867
42.72688293457031
41.886940002441406
42.64637756347656
43.850242614746094
42.333255767822266
43.19602584838867
43.47803497314453
42.503440856933594
43.494598388671875
42.68893051147461
42.741127014160156
42.58113479614258
41.69779968261719
42.32193374633789
43.08226013183594
42.29180908203125
42.9991455078125
41.948326110839844
42.25276565551758
42.11073684692383
43.278778076171875
41.105770111083984
42.9605598449707
42.358863830566406
43.458187103271484
42.678951263427734
40.86833953857422
43.417724609375
40.8748893737793
42.88911437988281
40.25601577758789
40.263031005859375
42.108882904052734
41.76548385620117
42.462528228759766
41.676326751708984
40.29281997680664
42.5308952331543
40.499427795410156
43.33584213256836
41.303627014160156
40.93595504760742
42.14137268066406
40.59878921508789
41.085731506347656
42.46426010131836
42.64002990722656
41.661190032958984
42.89265441894531
41.66413879394531
41.81366729736328
41.376949310302734
39.94468688964844
40.676246643066406
42.05170822143555
41.51829147338867
40.66905975341797
40.73442459106445
41.3031120300293
41.001216888427734
41.58082580566406
39.929718017578125
41.706634521484375
41.175289154052734
41.02461624145508
40.48096466064453
41.41158676147461
41.05926513671875
40.915260314941406
40.87238311767578
40.885040283203125
40.02273941040039
41.96721267700195
40.78215789794922
41.40575408935547
41.80134582519531
40.39854431152344
40.47278594970703
41.21070098876953
41.02543640136719
38.73314666748047
38.63602828979492
40.05767059326172
40.62019729614258
39.203983306884766
41.87847900390625
39.59107971191406
41.60057830810547
40.25101852416992
41.48513412475586
38.49738311767578
40.70427322387695
39.45791244506836
39.69734573364258
40.1011848449707
40.47187423706055
41.94017028808594
39.01350021362305
39.96234893798828
40.16983413696289
39.0156135559082
40.40802764892578
39.41465377807617
39.56264877319336
38.941165924072266
39.520572662353516
40.68980407714844
38.74977111816406
39.385765075683594
39.246212005615234
40.632293701171875
41.36317443847656
38.387577056884766
39.38743591308594
39.76420974731445
41.3692512512207
37.98543167114258
40.664512634277344
38.43628692626953
39.41255569458008
39.739994049072266
39.207481384277344
38.571109771728516
38.80155944824219
39.33695602416992
39.16316604614258
39.88719177246094
38.67850875854492
38.43949890136719
40.0760498046875
38.45100021362305
39.3001708984375
38.6198844909668
37.92010498046875
38.44972229003906
38.49531173706055
40.11098098754883
38.64426803588867
39.9388542175293
39.482261657714844
39.784332275390625
40.19075393676758
39.54095458984375
38.776763916015625
39.42748260498047
37.648963928222656
37.74201583862305
37.94255828857422
38.21110153198242
40.05043411254883
37.98234558105469
39.12995910644531
38.15068435668945
37.94561767578125
37.36140441894531
37.616241455078125
37.52903747558594
36.96538162231445
39.33881378173828
38.62059783935547
38.70594024658203
38.30690002441406
37.75103759765625
36.67200469970703
38.194698333740234
38.21369934082031
38.26447677612305
37.77985763549805
38.95624542236328
38.21521759033203
39.1479606628418
39.314903259277344
38.31098937988281
37.732906341552734
36.73815155029297
38.33317184448242
37.77677536010742
39.231353759765625
38.958984375
38.25518035888672
38.52709197998047
38.43190383911133
37.68147659301758
37.00727462768555
36.015682220458984
37.25408935546875
38.45893096923828
38.5672607421875
38.45719528198242
37.82963180541992
37.92094421386719
37.05537033081055
37.40338134765625
38.13154602050781
37.144290924072266
37.89874267578125
38.962284088134766
35.9532470703125
37.69657516479492
37.1832389831543
36.72040557861328
37.290985107421875
36.724613189697266
36.08513641357422
37.129493713378906
36.749393463134766
35.90953826904297
38.438480377197266
37.48872756958008
37.088924407958984
36.208595275878906
35.868438720703125
36.67148971557617
37.002113342285156
36.85652160644531
36.5499382019043
38.0501708984375
38.390933990478516
36.84779739379883
37.507240295410156
36.66865539550781
36.93595504760742
36.58561706542969
35.6030387878418
37.09206771850586
36.029396057128906
36.57757568359375
37.548072814941406
36.35645294189453
36.66887664794922
37.20337677001953
37.41682052612305
36.11115646362305
36.435760498046875
36.18342590332031
36.79527282714844
36.53692626953125
35.65279006958008
37.18427276611328
36.03459548950195
35.97956085205078
36.28738021850586
37.66984176635742
36.562198638916016
36.10519027709961
35.85203552246094
35.675933837890625
36.972530364990234
35.359130859375
35.42723846435547
34.61896514892578
36.33531951904297
36.85855484008789
33.90026092529297
35.48491287231445
35.806575775146484
34.50652313232422
36.53730773925781
36.81135940551758
35.683380126953125
35.54570007324219
35.167457580566406
36.147151947021484
35.941471099853516
37.486351013183594
37.25574493408203
36.248512268066406
34.441162109375
35.65398406982422
35.06889343261719
35.57276916503906
35.67891311645508
35.608394622802734
34.96041488647461
35.812992095947266
36.09107971191406
34.854270935058594
34.358924865722656
37.11029052734375
35.39248275756836
36.30608367919922
34.81747055053711
36.27964782714844
35.974937438964844
34.86116027832031
34.835445404052734
35.74686050415039
35.400917053222656
34.46674728393555
34.51490783691406
35.465118408203125
35.63877487182617
34.95573806762695
34.87937927246094
35.287841796875
36.054073333740234
35.02547836303711
34.9913444519043
36.50055694580078
33.181060791015625
34.099430084228516
33.827064514160156
35.00513458251953
33.637115478515625
35.288509368896484
34.91664123535156
34.82038116455078
35.93928146362305
33.55699157714844
36.498680114746094
34.17338943481445
33.863067626953125
35.76298522949219
35.25160598754883
35.59819030761719
34.45665740966797
34.75933074951172
37.495338439941406
34.692649841308594
33.73070526123047
34.25981140136719
34.51935958862305
34.460472106933594
33.72664260864258
33.29961013793945
35.064537048339844
35.106258392333984
35.3505744934082
35.896339416503906
35.66960525512695
33.76511764526367
34.217735290527344
34.44416427612305
34.35496520996094
32.912925720214844
33.87443542480469
33.922874450683594
34.50483703613281
33.42478942871094
34.11331558227539
34.82122039794922
35.13188171386719
34.08506393432617
33.43147277832031
33.509063720703125
33.756622314453125
33.55734634399414
32.45732879638672
32.86102294921875
34.00989532470703
33.488834381103516
33.02623748779297
33.740928649902344
34.67095947265625
33.20404052734375
34.0521125793457
32.9379997253418
34.69865798950195
34.005558013916016
33.23321533203125
35.242862701416016
33.02599334716797
34.94015121459961
33.1302604675293
34.033267974853516
32.629817962646484
35.238861083984375
35.06517791748047
34.66661834716797
33.4891357421875
32.05640411376953
33.61089324951172
33.62607192993164
33.23341369628906
32.413917541503906
32.123573303222656
33.94990158081055
32.780391693115234
32.409767150878906
33.26030731201172
31.849748611450195
33.62948989868164
33.00301742553711
33.75150680541992
32.12235641479492
33.44697570800781
32.27455520629883
31.846660614013672
33.47559356689453
33.146907806396484
31.753244400024414
33.997955322265625
31.46255111694336
33.016395568847656
34.01816177368164
33.28953552246094
32.130611419677734
33.261505126953125
33.370994567871094
32.666015625
32.564327239990234
32.751949310302734
33.19429016113281
32.39219284057617
33.53776550292969
33.74677658081055
33.898826599121094
32.42915344238281
34.16799545288086
32.60641860961914
33.20954895019531
30.9089298248291
32.51528549194336
32.65202713012695
32.798240661621094
31.481477737426758
32.78682327270508
32.431068420410156
32.34405517578125
31.374027252197266
32.63951110839844
32.594661712646484
32.19193649291992
32.38185119628906
31.675682067871094
33.282073974609375
32.554176330566406
33.87333297729492
32.29705047607422
32.84278869628906
31.213754653930664
32.281288146972656
32.08515930175781
31.876203536987305
33.68199920654297
30.681039810180664
33.24034118652344
31.827869415283203
31.59775161743164
32.55724334716797
32.06951141357422
30.802701950073242
32.0609130859375
32.22810363769531
30.26087188720703
31.867542266845703
33.30096435546875
31.101585388183594
33.36176681518555
33.59831619262695
30.31157112121582
32.102264404296875
31.721851348876953
31.190549850463867
32.039371490478516
31.63446807861328
30.561485290527344
32.49534606933594
33.05839157104492
32.02510070800781
30.846651077270508
31.499277114868164
30.595088958740234
32.49563217163086
32.214378356933594
30.34066390991211
31.967283248901367
32.36117935180664
32.639747619628906
31.01100730895996
31.660707473754883
30.975032806396484
31.056068420410156
31.282817840576172
31.348392486572266
31.212947845458984
29.5120906829834
30.49083709716797
33.93107223510742
31.787010192871094
32.49338150024414
32.38326644897461
30.835073471069336
31.751453399658203
30.7580509185791
32.303749084472656
31.106494903564453
32.05025100708008
29.81743621826172
30.955366134643555
30.543733596801758
32.024261474609375
31.560089111328125
30.227399826049805
31.250545501708984
30.671104431152344
30.913663864135742
30.505348205566406
30.6015625
31.059070587158203
31.95572280883789
31.129005432128906
32.094451904296875
30.510299682617188
31.052637100219727
31.01578140258789
31.108051300048828
31.053741455078125
29.962142944335938
30.089862823486328
30.26304817199707
30.898109436035156
29.91413116455078
30.26996421813965
29.33896255493164
30.515050888061523
30.469375610351562
30.443090438842773
32.703529357910156
30.51967430114746
31.667003631591797
29.590290069580078
30.322383880615234
30.112146377563477
30.450077056884766
31.388629913330078
30.792598724365234
30.05632972717285
31.216354370117188
30.573415756225586
29.76441192626953
30.798494338989258
29.710098266601562
28.497957229614258
30.303672790527344
31.552406311035156
30.286842346191406
30.00889778137207
31.156936645507812
29.72533416748047
29.640575408935547
30.214780807495117
31.70083236694336
30.29192352294922
29.52867317199707
29.740110397338867
30.516136169433594
30.075843811035156
29.592445373535156
30.94773292541504
29.227230072021484
31.250503540039062
30.112119674682617
29.921875
28.932451248168945
30.977828979492188
29.631309509277344
30.206768035888672
30.01121711730957
28.952747344970703
30.060062408447266
30.08541488647461
28.920143127441406
30.274538040161133
28.08277130126953
29.225685119628906
28.99626350402832
31.024887084960938
30.140342712402344
29.630435943603516
30.545730590820312
29.987747192382812
29.46578598022461
28.782983779907227
30.83478355407715
28.17382049560547
29.878219604492188
28.94049835205078
29.418851852416992
29.809066772460938
30.55461311340332
29.66207504272461
29.030216217041016
31.155864715576172
29.99805450439453
29.59041404724121
29.690176010131836
29.856306076049805
31.181678771972656
27.870534896850586
29.972949981689453
30.443878173828125
30.470359802246094
29.62273406982422
29.49164581298828
29.538105010986328
28.177419662475586
28.918237686157227
29.22917938232422
28.30376434326172
27.72086524963379
29.03155517578125
28.855133056640625
28.893356323242188
29.820674896240234
28.343637466430664
29.18838882446289
28.629125595092773
29.488506317138672
27.973432540893555
29.04816246032715
30.058069229125977
29.24430274963379
29.927671432495117
28.371946334838867
29.12548828125
27.810640335083008
27.856733322143555
28.456022262573242
29.42298126220703
29.47863006591797
28.09954261779785
28.52089500427246
28.804235458374023
30.115907669067383
28.752178192138672
28.405954360961914
28.492992401123047
28.61090850830078
29.396060943603516
30.641212463378906
28.2540225982666
30.042434692382812
28.958436965942383
28.186635971069336
28.37142562866211
28.444229125976562
28.984695434570312
28.74908447265625
28.0684814453125
28.76632308959961
28.63645362854004
28.081607818603516
28.105913162231445
28.195261001586914
28.870384216308594
27.78337287902832
30.310897827148438
28.3193302154541
28.20911407470703
28.55544090270996
27.12804412841797
29.50829315185547
28.724258422851562
28.28141212463379
28.190162658691406
27.781471252441406
26.822410583496094
27.91687774658203
29.295940399169922
28.446086883544922
27.932722091674805
28.49366569519043
28.770353317260742
29.05976104736328
27.477935791015625
27.732446670532227
26.82726287841797
30.19631576538086
27.882200241088867
27.17600440979004
27.83209228515625
28.539098739624023
27.41710662841797
27.0849609375
26.616180419921875
27.0537109375
28.552845001220703
28.038185119628906
27.937257766723633
30.79047966003418
26.947702407836914
27.263839721679688
28.817642211914062
28.678874969482422
28.796911239624023
27.878938674926758
27.42192840576172
28.1828556060791
28.076269149780273
27.31837272644043
27.04668617248535
28.118093490600586
26.968358993530273
27.295866012573242
28.11208152770996
27.17472267150879
27.2086238861084
27.912303924560547
28.50433921813965
28.39015769958496
27.608938217163086
27.896299362182617
27.48236083984375
27.339771270751953
26.7601318359375
28.645221710205078
27.25198745727539
26.537511825561523
28.47380256652832
26.94837188720703
27.488645553588867
27.39686393737793
27.19482421875
27.283645629882812
26.42022705078125
27.5559024810791
27.284950256347656
27.16866683959961
26.559280395507812
27.87596893310547
26.71354866027832
27.07638168334961
29.108978271484375
27.09145164489746
26.539831161499023
28.07329559326172
26.87229347229004
27.969745635986328
28.981645584106445
26.49461555480957
27.754985809326172
27.19542121887207
26.130859375
28.057641983032227
28.240419387817383
26.404672622680664
26.38086700439453
25.679222106933594
26.672805786132812
28.4000244140625
27.545759201049805
27.43962287902832
26.163036346435547
26.565654754638672
27.19674301147461
27.21025848388672
26.42957878112793
26.2325439453125
27.1427059173584
28.80239486694336
27.28492546081543
26.950021743774414
26.683744430541992
26.55470848083496
25.659160614013672
25.988388061523438
27.2537841796875
27.656982421875
26.389345169067383
26.326873779296875
28.06805992126465
26.459156036376953
27.499303817749023
26.617490768432617
28.06424331665039
25.568941116333008
26.14637565612793
29.07917022705078
27.1108455657959
26.27936363220215
27.639619827270508
25.304237365722656
26.584028244018555
25.635658264160156
26.84879493713379
28.114974975585938
25.370908737182617
26.721086502075195
27.019567489624023
25.422983169555664
25.107662200927734
26.367473602294922
25.955934524536133
25.941390991210938
26.538280487060547
24.394136428833008
26.672325134277344
27.07554817199707
26.385652542114258
26.563098907470703
27.06178855895996
26.11737060546875
27.296239852905273
26.82774543762207
26.29668617248535
28.377391815185547
27.1148738861084
27.427413940429688
24.900911331176758
25.423744201660156
26.70623016357422
25.854942321777344
25.24556541442871
24.425498962402344
27.010631561279297
25.727092742919922
27.123300552368164
25.591432571411133
26.551660537719727
24.431482315063477
26.89083480834961
25.906471252441406
25.26587677001953
25.44074249267578
25.4372501373291
24.958934783935547
25.730480194091797
26.747455596923828
26.60261344909668
26.044960021972656
26.043996810913086
24.877531051635742
25.8826904296875
26.235088348388672
24.447267532348633
26.049484252929688
25.287736892700195
25.266334533691406
24.81624412536621
26.210235595703125
25.690773010253906
25.798112869262695
26.59146499633789
24.25617218017578
24.97039794921875
26.450925827026367
25.54764747619629
24.617080688476562
25.299335479736328
25.898731231689453
26.48947525024414
25.453556060791016
26.540687561035156
26.436614990234375
25.765535354614258
26.19790267944336
25.266063690185547
25.720050811767578
25.436328887939453
26.03141975402832
26.586700439453125
24.661014556884766
25.922754287719727
25.011690139770508
25.201190948486328
25.93169403076172
24.521465301513672
26.251419067382812
25.16223907470703
24.50006675720215
25.684261322021484
26.52327537536621
25.756685256958008
25.077289581298828
24.61564064025879
24.321176528930664
25.77587890625
26.324018478393555
25.378206253051758
24.384042739868164
24.288349151611328
24.360157012939453
25.817241668701172
26.137325286865234
24.559036254882812
25.896568298339844
25.445377349853516
24.638399124145508
25.616718292236328
24.854007720947266
25.02225112915039
24.205577850341797
24.9126033782959
25.734739303588867
24.868528366088867
25.283903121948242
25.172283172607422
25.544492721557617
25.57604217529297
23.058197021484375
24.35014533996582
25.028614044189453
25.481918334960938
24.684757232666016
24.597076416015625
25.21312713623047
24.629886627197266
24.98613739013672
24.847078323364258
25.424179077148438
24.501649856567383
26.229408264160156
24.8162899017334
23.526363372802734
24.73536491394043
25.180095672607422
23.491315841674805
23.903362274169922
24.252456665039062
24.298538208007812
25.313936233520508
24.800966262817383
24.704448699951172
24.32027244567871
24.741352081298828
24.17689323425293
26.412721633911133
23.972766876220703
26.211994171142578
24.821674346923828
24.934724807739258
24.28368377685547
25.53946876525879
25.23540496826172
24.728212356567383
25.627918243408203
23.890432357788086
24.838300704956055
22.953977584838867
25.67107582092285
23.224227905273438
24.26207733154297
22.80849266052246
23.740678787231445
26.022071838378906
23.904024124145508
23.710338592529297
24.61715316772461
26.206480026245117
24.718400955200195
24.077627182006836
23.659103393554688
25.63241195678711
23.69455909729004
23.34644317626953
25.72039031982422
24.402353286743164
23.75021743774414
22.527202606201172
24.98586082458496
24.68920135498047
24.203479766845703
23.460187911987305
22.879844665527344
24.74683380126953
24.520973205566406
24.306333541870117
24.331151962280273
24.073596954345703
23.395551681518555
23.365188598632812
24.069637298583984
23.414716720581055
24.33453369140625
23.782333374023438
23.444355010986328
23.405664443969727
23.372800827026367
24.40765380859375
23.19384765625
22.779918670654297
24.52113914489746
23.417213439941406
25.231517791748047
23.52315902709961
23.88496208190918
24.344812393188477
24.92391586303711
23.35457992553711
23.284717559814453
23.23583221435547
23.26156997680664
23.967010498046875
24.459592819213867
25.01390838623047
25.38431167602539
23.795209884643555
23.552623748779297
23.305416107177734
24.320466995239258
23.487674713134766
24.797889709472656
24.21181869506836
24.287153244018555
22.918485641479492
22.415454864501953
23.643461227416992
23.551380157470703
23.11640739440918
23.296031951904297
22.468656539916992
24.798629760742188
24.625999450683594
22.307815551757812
24.317737579345703
22.87035369873047
23.36052703857422
24.583250045776367
23.710308074951172
24.16385841369629
23.41565704345703
22.14026641845703
22.446775436401367
23.430076599121094
24.387176513671875
23.20383071899414
23.078933715820312
22.370723724365234
23.76247215270996
24.599201202392578
23.432689666748047
22.496402740478516
24.71372413635254
22.92649269104004
23.679718017578125
23.321256637573242
23.105640411376953
22.275266647338867
23.023300170898438
24.35141944885254
22.619626998901367
23.77435302734375
23.70222282409668
21.618640899658203
22.886064529418945
21.965917587280273
23.248104095458984
22.818681716918945
23.3251895904541
23.87103843688965
23.115886688232422
23.238128662109375
23.469253540039062
22.8206844329834
22.446889877319336
24.016063690185547
21.75320053100586
24.661832809448242
23.681459426879883
21.757150650024414
23.81741714477539
22.967742919921875
21.585142135620117
23.363483428955078
22.1180419921875
22.66173553466797
24.597156524658203
23.51411247253418
21.842041015625
23.788867950439453
23.599510192871094
23.541336059570312
23.207483291625977
23.139904022216797
22.131181716918945
22.937870025634766
22.633586883544922
23.046825408935547
21.930713653564453
21.972766876220703
22.54175567626953
21.93327522277832
24.597139358520508
23.5537109375
23.53601837158203
21.08884620666504
22.788175582885742
22.45647621154785
22.293899536132812
22.047863006591797
21.885025024414062
23.191591262817383
22.28883934020996
23.048934936523438
24.030372619628906
22.828868865966797
22.867568969726562
23.071439743041992
22.07288360595703
23.050622940063477
22.65570068359375
23.278697967529297
22.507465362548828
22.60833740234375
21.916900634765625
23.598731994628906
21.05638313293457
22.50691795349121
21.766063690185547
23.520370483398438
22.603187561035156
21.925968170166016
21.918399810791016
20.615306854248047
22.570568084716797
22.692686080932617
22.716602325439453
20.888898849487305
22.041147232055664
22.79613494873047
22.974552154541016
21.40770721435547
22.07101821899414
22.08857536315918
22.637781143188477
21.60528564453125
22.52789306640625
21.929086685180664
21.73287010192871
21.73628044128418
21.474149703979492
23.23997688293457
21.042755126953125
22.719818115234375
22.358657836914062
22.73088264465332
22.377399444580078
22.617584228515625
21.79991340637207
22.245044708251953
21.110795974731445
22.867412567138672
21.816802978515625
22.287046432495117
23.61227035522461
23.069137573242188
22.75823402404785
20.864887237548828
22.51153564453125
22.952129364013672
21.810487747192383
21.473800659179688
20.898475646972656
19.729839324951172
23.047264099121094
22.12306785583496
22.38030433654785
21.712764739990234
22.524505615234375
20.950572967529297
22.73074722290039
22.023618698120117
21.469640731811523
21.439979553222656
21.367027282714844
22.42914390563965
20.864530563354492
21.774131774902344
23.209571838378906
20.992643356323242
20.6490535736084
21.753711700439453
23.62791633605957
22.21561622619629
22.38926887512207
21.9500789642334
21.661191940307617
23.114501953125
21.252370834350586
20.611183166503906
22.26947021484375
21.34436798095703
22.627565383911133
21.356555938720703
20.57750701904297
21.443992614746094
21.025447845458984
20.6011905670166
21.944957733154297
20.496862411499023
21.63276481628418
22.093955993652344
21.825977325439453
22.458187103271484
20.879013061523438
21.37987518310547
21.445253372192383
22.241762161254883
22.31618881225586
20.761611938476562
20.870929718017578
21.51668357849121
21.743253707885742
22.28097915649414
21.049705505371094
21.17795753479004
20.446067810058594
22.3272705078125
21.066761016845703
21.732938766479492
22.811769485473633
21.71184539794922
21.55908966064453
22.18758773803711
20.271533966064453
21.071516036987305
20.56209373474121
21.926029205322266
20.43955421447754
21.650592803955078
20.83150863647461
19.32546615600586
21.084590911865234
21.486019134521484
22.681381225585938
20.728343963623047
22.108375549316406
22.365564346313477
20.790523529052734
21.72193145751953
21.996395111083984
20.330081939697266
19.497777938842773
20.741220474243164
21.722814559936523
19.781219482421875
20.41706657409668
20.815364837646484
21.516761779785156
21.21686553955078
21.08179473876953
21.765268325805664
20.65485191345215
21.19881248474121
21.965187072753906
21.86469841003418
20.5808162689209
20.441959381103516
19.745695114135742
21.87631607055664
22.805950164794922
21.58725929260254
21.883827209472656
20.763931274414062
20.450342178344727
20.38431739807129
20.328229904174805
21.532405853271484
20.59987449645996
20.13619613647461
21.319381713867188
19.146215438842773
21.74239730834961
20.724571228027344
20.346248626708984
21.57868766784668
20.1629695892334
22.219924926757812
20.157855987548828
19.855348587036133
19.898359298706055
20.964008331298828
20.325469970703125
20.800304412841797
20.272615432739258
21.077571868896484
20.279325485229492
21.24198341369629
20.711400985717773
20.713485717773438
19.980178833007812
20.959226608276367
20.3946533203125
20.44283103942871
21.302053451538086
20.422882080078125
19.129426956176758
22.074865341186523
21.186426162719727
20.737247467041016
20.173412322998047
19.855531692504883
20.588287353515625
20.216745376586914
20.50873374938965
19.94644546508789
20.270353317260742
19.362842559814453
20.029996871948242
20.922557830810547
19.78568458557129
21.300491333007812
19.3006649017334
19.203655242919922
20.909786224365234
20.37209129333496
21.28133773803711
19.926759719848633
19.125003814697266
20.728492736816406
21.963533401489258
20.677936553955078
22.154054641723633
20.24119758605957
20.25189971923828
20.444725036621094
20.203819274902344
21.148836135864258
21.2573184967041
19.610340118408203
19.672216415405273
19.449357986450195
19.870220184326172
19.966007232666016
21.926929473876953
20.416040420532227
19.833410263061523
20.271076202392578
19.990449905395508
19.96929359436035
18.196609497070312
20.917104721069336
20.987972259521484
18.452438354492188
20.8485050201416
20.026704788208008
20.280256271362305
20.65626335144043
19.649206161499023
20.299211502075195
20.31768798828125
19.16148567199707
19.80069923400879
21.12322235107422
19.215614318847656
20.081201553344727
20.986568450927734
20.366945266723633
20.72901725769043
20.617963790893555
19.667255401611328
20.343366622924805
20.426727294921875
20.854814529418945
20.075660705566406
20.305761337280273
19.572351455688477
19.493671417236328
19.915407180786133
19.436080932617188
19.85234832763672
19.643781661987305
19.860679626464844
20.005577087402344
19.849658966064453
19.08586883544922
18.476606369018555
20.70279312133789
20.708599090576172
19.015413284301758
20.416912078857422
19.122695922851562
19.924936294555664
20.827951431274414
18.894338607788086
19.12938690185547
19.816022872924805
19.449708938598633
19.752595901489258
19.438581466674805
19.073108673095703
19.41194725036621
18.784683227539062
18.956409454345703
18.7506160736084
20.66427993774414
19.280643463134766
20.207744598388672
19.622371673583984
19.534345626831055
20.57973861694336
20.30759620666504
19.615148544311523
17.888256072998047
19.844053268432617
19.853727340698242
19.612131118774414
19.325550079345703
19.79935073852539
19.791915893554688
19.59270668029785
19.521501541137695
19.900096893310547
19.327983856201172
19.937938690185547
18.290369033813477
20.994873046875
19.611318588256836
20.113359451293945
20.638261795043945
19.349624633789062
19.476417541503906
20.085792541503906
18.882741928100586
19.576475143432617
20.739341735839844
18.370256423950195
19.62228775024414
18.38168716430664
18.937541961669922
19.375587463378906
19.333736419677734
18.030345916748047
19.58232307434082
18.82571792602539
18.411352157592773
19.630779266357422
19.03377914428711
19.781631469726562
19.650985717773438
18.922151565551758
18.595443725585938
20.17630386352539
19.20562744140625
19.080289840698242
18.56180191040039
20.1940860748291
18.595054626464844
19.505229949951172
19.431087493896484
17.84817123413086
18.889278411865234
18.79448127746582
18.7061767578125
18.646892547607422
19.912334442138672
18.29932403564453
19.174516677856445
18.266252517700195
18.542381286621094
18.753049850463867
19.82352066040039
19.11433219909668
19.91153335571289
19.292612075805664
20.179485321044922
20.04807472229004
18.79256820678711
19.494892120361328
18.344966888427734
17.66299819946289
18.670543670654297
17.839092254638672
20.37401580810547
19.327173233032227
18.30154037475586
18.65678596496582
18.54096221923828
19.326644897460938
18.743755340576172
19.4722900390625
18.506118774414062
18.67672348022461
20.004507064819336
20.889331817626953
18.50086212158203
19.59745979309082
17.993629455566406
18.68584632873535
18.550403594970703
18.950332641601562
19.30064582824707
18.16713523864746
19.52119255065918
17.691741943359375
18.71566390991211
19.98650550842285
17.388734817504883
18.693422317504883
17.070608139038086
18.811037063598633
17.92693328857422
18.911794662475586
19.44464874267578
19.32185935974121
18.881906509399414
18.95380973815918
19.37539291381836
18.779062271118164
19.45223617553711
20.434158325195312
17.992433547973633
17.992231369018555
18.592388153076172
18.233226776123047
20.13729476928711
17.871822357177734
17.919748306274414
18.080089569091797
18.164505004882812
17.409143447875977
17.962570190429688
17.783222198486328
18.727981567382812
17.804462432861328
18.95414924621582
18.981159210205078
19.084291458129883
18.081735610961914
16.95646095275879
19.12201499938965
18.824907302856445
17.875829696655273
17.510942459106445
17.539230346679688
18.7020320892334
18.793224334716797
18.52007293701172
18.64628791809082
19.02745246887207
18.537841796875
17.97647476196289
16.97235107421875
17.119293212890625
18.49736976623535
18.600601196289062
18.98695945739746
18.459144592285156
18.21228790283203
19.232769012451172
17.976280212402344
18.346973419189453
18.341218948364258
19.047361373901367
18.82321548461914
18.384204864501953
17.826295852661133
19.17605972290039
17.24016761779785
17.20114517211914
18.036590576171875
18.860774993896484
18.4001522064209
17.32073974609375
17.72533416748047
18.349559783935547
18.41337776184082
16.796110153198242
17.186086654663086
17.214683532714844
17.141357421875
17.547828674316406
17.8316593170166
19.11861801147461
18.38180923461914
18.208602905273438
17.974533081054688
18.42807388305664
18.045547485351562
18.324447631835938
18.864667892456055
18.297340393066406
18.028823852539062
18.627140045166016
19.232093811035156
17.36680030822754
18.304733276367188
17.48548126220703
18.233930587768555
19.097007751464844
17.621137619018555
18.0733699798584
17.960329055786133
20.16683578491211
18.274517059326172
16.541000366210938
17.292118072509766
19.548974990844727
18.031784057617188
17.74046516418457
17.244430541992188
18.582548141479492
17.097064971923828
17.664926528930664
17.89496612548828
17.116134643554688
17.449235916137695
18.385387420654297
16.550600051879883
16.2347354888916
17.464824676513672
20.034812927246094
18.28471565246582
17.705305099487305
17.60750961303711
18.375864028930664
17.329055786132812
16.908283233642578
17.24111557006836
17.86739730834961
16.77590560913086
17.791948318481445
16.820104598999023
17.72427749633789
17.82854461669922
18.29780387878418
18.11988067626953
17.212940216064453
16.504301071166992
17.469457626342773
18.005779266357422
17.05574607849121
17.67682647705078
17.88836669921875
17.42578887939453
18.247364044189453
17.304851531982422
17.38688087463379
16.945283889770508
17.173006057739258
17.86407470703125
17.148303985595703
17.793230056762695
17.832237243652344
18.115436553955078
19.000858306884766
18.087398529052734
17.42223358154297
16.94963836669922
18.357891082763672
15.87186336517334
18.276567459106445
18.87889289855957
17.54854965209961
18.39287567138672
17.80616569519043
17.526081085205078
17.03839111328125
17.21799087524414
17.262496948242188
17.48112678527832
17.62833023071289
18.038578033447266
17.502887725830078
16.07314109802246
17.031635284423828
17.08759880065918
16.254257202148438
16.553062438964844
16.611299514770508
17.506671905517578
16.603435516357422
16.932357788085938
17.658309936523438
17.358531951904297
18.042810440063477
17.059206008911133
17.59652328491211
16.432945251464844
17.02301597595215
17.293394088745117
16.053895950317383
18.228618621826172
16.634868621826172
16.706079483032227
16.531600952148438
16.66861343383789
17.65353775024414
18.019107818603516
17.045093536376953
17.640342712402344
16.52680778503418
18.029268264770508
17.719736099243164
17.635154724121094
17.049293518066406
17.67301368713379
16.3875732421875
17.40534019470215
16.710365295410156
15.88270378112793
16.369625091552734
17.859312057495117
17.276071548461914
18.26848602294922
17.16330909729004
16.743127822875977
16.968955993652344
16.819761276245117
16.503135681152344
17.377016067504883
16.61233139038086
16.734350204467773
17.3431396484375
18.15694808959961
17.97161102294922
16.423095703125
17.541263580322266
18.276948928833008
16.39861297607422
16.214269638061523
16.820995330810547
15.448746681213379
17.307209014892578
16.327518463134766
15.921197891235352
16.435890197753906
16.494598388671875
16.790956497192383
17.181928634643555
17.107473373413086
16.754432678222656
17.144031524658203
17.362756729125977
15.87128734588623
17.873184204101562
17.46780776977539
16.20749282836914
17.610397338867188
15.459117889404297
17.534090042114258
17.125972747802734
16.169748306274414
17.503252029418945
15.916793823242188
16.94106674194336
16.451847076416016
16.00570297241211
17.486522674560547
18.327478408813477
16.545272827148438
16.096202850341797
16.767349243164062
17.419559478759766
15.203079223632812
17.358840942382812
17.36083984375
16.683349609375
15.409648895263672
16.33441925048828
16.461740493774414
17.35702896118164
15.905048370361328
16.048622131347656
16.68669891357422
15.598769187927246
16.276464462280273
17.053020477294922
17.051517486572266
17.386674880981445
16.693679809570312
16.32781410217285
16.374557495117188
16.312515258789062
16.58819007873535
16.64505386352539
16.2929744720459
16.098987579345703
16.493223190307617
16.084701538085938
17.348173141479492
17.460399627685547
15.668451309204102
16.435380935668945
15.428155899047852
15.745360374450684
17.563913345336914
16.403526306152344
17.34478759765625
15.830482482910156
16.645912170410156
14.806673049926758
16.572750091552734
17.07671546936035
17.227731704711914
15.860490798950195
17.060239791870117
17.41649627685547
16.708208084106445
15.817211151123047
14.925806045532227
16.959564208984375
15.358564376831055
16.059856414794922
16.585721969604492
17.114524841308594
16.34532356262207
15.886544227600098
16.194293975830078
15.929659843444824
17.098392486572266
17.41358757019043
16.350139617919922
16.27684783935547
15.960789680480957
16.184947967529297
16.44123077392578
15.965633392333984
15.809139251708984
15.821924209594727
15.499250411987305
15.374664306640625
15.830190658569336
16.739953994750977
16.051525115966797
16.741819381713867
15.574261665344238
15.990692138671875
16.504451751708984
16.39738655090332
16.121496200561523
15.836012840270996
16.409238815307617
16.112401962280273
15.373136520385742
16.04244613647461
15.617895126342773
15.574005126953125
16.3741455078125
15.535870552062988
16.907073974609375
17.02328872680664
15.543390274047852
15.624406814575195
16.054506301879883
16.134675979614258
16.683528900146484
16.50461196899414
17.007972717285156
15.430444717407227
15.491589546203613
14.035903930664062
15.916801452636719
16.4122371673584
15.049748420715332
15.283929824829102
14.997916221618652
16.62154197692871
15.022115707397461
15.572665214538574
16.6074161529541
16.3392333984375
15.21739387512207
15.017040252685547
16.589609146118164
14.652853012084961
14.981100082397461
16.468229293823242
16.116823196411133
15.101094245910645
16.068635940551758
16.442455291748047
17.612369537353516
15.906813621520996
15.525761604309082
15.771995544433594
16.791868209838867
15.433094024658203
16.399808883666992
15.100242614746094
16.476160049438477
16.612964630126953
15.262063980102539
15.089533805847168
15.14918327331543
15.248577117919922
14.76543140411377
16.302400588989258
15.668071746826172
16.1403751373291
15.138360023498535
14.898231506347656
15.32851505279541
15.098058700561523
15.7496337890625
14.921586036682129
16.482402801513672
15.90117359161377
15.397910118103027
16.358020782470703
16.151840209960938
15.700129508972168
15.544729232788086
15.589149475097656
15.39057731628418
15.626834869384766
15.43558120727539
16.35930824279785
16.30308723449707
16.040191650390625
15.338035583496094
15.134237289428711
14.969284057617188
15.27375602722168
15.33862590789795
14.774763107299805
16.402368545532227
15.728521347045898
15.438909530639648
15.844655990600586
16.120277404785156
15.49489974975586
16.56813621520996
15.557133674621582
14.958847999572754
15.899152755737305
16.10049057006836
15.287211418151855
13.339827537536621
16.15438461303711
15.899198532104492
15.333393096923828
14.820213317871094
14.686568260192871
15.246600151062012
14.99771499633789
15.867931365966797
15.539897918701172
15.789791107177734
15.225919723510742
14.371841430664062
16.127052307128906
14.894360542297363
15.7022123336792
15.507377624511719
15.66781997680664
15.221282005310059
15.909257888793945
15.38737678527832
15.326364517211914
15.637720108032227
14.65869140625
15.594339370727539
14.829955101013184
15.557249069213867
14.20181655883789
15.843067169189453
15.784150123596191
14.544134140014648
15.177796363830566
14.349066734313965
14.982108116149902
16.21985626220703
15.477948188781738
15.280472755432129
14.430023193359375
15.137676239013672
15.19355297088623
14.868457794189453
15.105511665344238
14.74234676361084
15.486906051635742
15.69923210144043
15.558801651000977
15.636170387268066
14.951459884643555
15.578020095825195
15.193408012390137
14.735093116760254
15.244319915771484
15.573051452636719
14.19360637664795
15.08738899230957
14.260568618774414
14.911823272705078
15.438962936401367
14.683592796325684
14.423842430114746
13.923421859741211
13.99658203125
15.473944664001465
16.46383285522461
15.006302833557129
15.016240119934082
15.380267143249512
14.496012687683105
15.537254333496094
16.429039001464844
14.777562141418457
14.193532943725586
13.658856391906738
15.282671928405762
15.812164306640625
14.431966781616211
15.226395606994629
13.931641578674316
15.121061325073242
14.865523338317871
14.825180053710938
14.853544235229492
14.900833129882812
15.070304870605469
15.087035179138184
14.681894302368164
15.94321060180664
14.681561470031738
14.875913619995117
14.649014472961426
15.113789558410645
13.68358325958252
14.674019813537598
14.977272033691406
13.910733222961426
15.189970016479492
15.23721694946289
15.094895362854004
14.053741455078125
14.042906761169434
14.58220100402832
15.635154724121094
14.49508285522461
14.819743156433105
15.678430557250977
15.062761306762695
15.352373123168945
15.52869701385498
13.700532913208008
14.400407791137695
14.72284984588623
14.657447814941406
15.758943557739258
13.839306831359863
13.809453964233398
13.740877151489258
14.809995651245117
15.422536849975586
14.534482955932617
13.870932579040527
16.002098083496094
13.77035140991211
14.983440399169922
15.25999641418457
14.274932861328125
14.671276092529297
14.294554710388184
14.264718055725098
13.681900024414062
15.533102035522461
14.646829605102539
14.410706520080566
14.316539764404297
15.145809173583984
14.127305030822754
14.363308906555176
14.961305618286133
14.90744686126709
14.539016723632812
14.455964088439941
14.014913558959961
13.81147575378418
14.717705726623535
14.161866188049316
14.372203826904297
15.073179244995117
14.60498332977295
13.429853439331055
13.367860794067383
14.959114074707031
14.658663749694824
14.931580543518066
13.751980781555176
14.048433303833008
14.987519264221191
16.207443237304688
14.140054702758789
14.272769927978516
15.622709274291992
14.16882610321045
15.866423606872559
14.55163288116455
13.766195297241211
14.910499572753906
13.298911094665527
14.551190376281738
13.505407333374023
13.590578079223633
14.541746139526367
14.584941864013672
13.420432090759277
13.89053726196289
14.859521865844727
14.341416358947754
14.199295997619629
13.484135627746582
14.454560279846191
14.60718822479248
13.795551300048828
14.21916389465332
15.525110244750977
13.97785758972168
14.19289779663086
14.71469783782959
14.16317367553711
13.496559143066406
14.276176452636719
13.445074081420898
14.005327224731445
14.404061317443848
14.162944793701172
14.462896347045898
14.422157287597656
12.564757347106934
13.30327320098877
13.752872467041016
14.376370429992676
14.08701229095459
13.774300575256348
14.677490234375
13.53619384765625
13.79833984375
15.023336410522461
15.700740814208984
13.996224403381348
14.594042778015137
14.096014022827148
14.066446304321289
13.811552047729492
14.006382942199707
15.656255722045898
14.395402908325195
13.376304626464844
14.77851676940918
