Mean Rank: 437
Mean RR: 0.1785
Hit@1: 0.1149
Hit@3: 0.1912
Hit@5: 0.2329
Hit@10: 0.2912
83.33564758300781
73.11780548095703
67.51825714111328
64.87384033203125
62.433692932128906
61.30815505981445
59.61907958984375
56.74330139160156
56.176109313964844
55.16706085205078
54.463863372802734
52.0932731628418
51.04833221435547
49.55693817138672
49.078880310058594
46.579349517822266
46.11043167114258
46.1218147277832
44.23682403564453
43.804317474365234
43.756717681884766
42.05170822143555
41.93988800048828
39.96544647216797
39.022254943847656
39.46120071411133
37.60723876953125
36.96205139160156
36.25768280029297
36.50714874267578
34.97019577026367
34.64784240722656
34.757869720458984
33.85132598876953
32.9836311340332
32.528709411621094
32.920257568359375
31.297286987304688
30.53688621520996
29.941537857055664
29.169809341430664
29.287456512451172
29.313480377197266
28.64470100402832
27.83045768737793
28.414499282836914
26.520633697509766
26.22197914123535
26.25628662109375
24.31437110900879
25.66655731201172
25.396310806274414
24.375574111938477
24.781919479370117
23.176067352294922
23.59194564819336
23.935489654541016
23.350048065185547
22.709712982177734
23.06496810913086
21.303739547729492
22.018678665161133
21.777769088745117
21.19083023071289
16.168354034423828
16.199874877929688
15.810674667358398
15.43644905090332
15.623903274536133
15.966032028198242
15.78177261352539
15.553474426269531
15.198073387145996
14.820523262023926
15.493546485900879
15.180108070373535
15.141793251037598
14.689722061157227
14.607673645019531
15.242302894592285
14.977073669433594
14.377840042114258
14.645628929138184
14.477198600769043
13.865323066711426
14.32308578491211
14.128264427185059
13.782999992370605
13.713234901428223
13.712873458862305
13.639418601989746
13.810809135437012
13.595200538635254
13.107501029968262
13.265765190124512
13.585245132446289
13.026275634765625
13.428802490234375
12.845296859741211
13.0075044631958
13.272231101989746
12.73004150390625
12.476075172424316
12.567704200744629
12.41942310333252
12.79043197631836
12.246624946594238
12.353431701660156
11.823445320129395
12.10930347442627
12.268974304199219
11.611808776855469
11.761669158935547
11.62729263305664
11.729523658752441
11.566022872924805
11.123422622680664
11.461259841918945
11.317281723022461
11.37980842590332
11.381952285766602
11.390286445617676
10.942517280578613
10.754813194274902
10.707483291625977
10.4939546585083
11.190446853637695
10.233905792236328
8.532730102539062
9.142348289489746
9.026782035827637
9.266889572143555
8.700400352478027
8.947821617126465
8.799951553344727
8.996295928955078
8.87308406829834
8.668643951416016
8.438697814941406
8.979310989379883
8.938340187072754
8.459052085876465
8.455401420593262
8.564245223999023
8.5975923538208
8.768003463745117
8.656937599182129
8.52997875213623
8.454000473022461
8.448092460632324
8.304187774658203
8.165253639221191
8.325163841247559
8.658700942993164
8.100543022155762
8.43081283569336
8.474135398864746
8.300482749938965
8.194475173950195
8.202661514282227
8.120802879333496
8.116169929504395
8.073945045471191
8.116373062133789
7.7241106033325195
7.822038650512695
7.902141571044922
7.880801200866699
7.842433929443359
7.909621238708496
7.744870662689209
7.848107814788818
7.931369781494141
7.903535842895508
7.542081356048584
7.8144941329956055
7.713707447052002
7.7993669509887695
7.730216026306152
7.44388484954834
7.58596134185791
7.458144187927246
7.561875820159912
7.404741287231445
7.438806056976318
7.444321632385254
7.371377468109131
7.420565605163574
7.109149932861328
7.409026622772217
7.219540119171143
7.431657314300537
6.460416316986084
6.44362735748291
6.435344219207764
6.449446201324463
6.157320976257324
6.481626987457275
6.401534080505371
6.313040733337402
6.300909996032715
6.384747505187988
6.567630767822266
6.356685638427734
6.337675094604492
6.275911331176758
6.200318813323975
6.241989612579346
6.163639068603516
6.2951979637146
6.28957462310791
6.357933521270752
6.180704593658447
6.104164123535156
5.986672401428223
6.202927112579346
6.334982395172119
5.990501880645752
5.933935642242432
6.116667747497559
6.095226287841797
6.120431900024414
5.846916198730469
6.1309051513671875
6.162450313568115
5.9067559242248535
5.859913349151611
6.219870567321777
6.13857364654541
5.890430450439453
5.994893550872803
5.8947906494140625
5.867546081542969
6.170246124267578
5.79130220413208
6.0275349617004395
5.674427509307861
5.817416191101074
6.11282205581665
5.815968036651611
5.660949230194092
5.829375743865967
5.7627034187316895
5.867893695831299
6.004383563995361
5.388554096221924
5.534231185913086
5.5930094718933105
5.645564079284668
5.696504592895508
5.6788201332092285
5.701723575592041
5.377273082733154
5.7407050132751465
5.23836612701416
5.547657489776611
5.127259254455566
5.1274495124816895
5.141018390655518
5.2493181228637695
5.009345531463623
5.102122783660889
5.179305553436279
5.275115966796875
5.213757038116455
4.969898700714111
5.037296772003174
5.054569721221924
5.110099792480469
4.986489295959473
5.015265941619873
4.981661319732666
5.070982933044434
4.970346450805664
5.120315074920654
5.014329433441162
4.925008296966553
4.835509300231934
4.822794437408447
4.862480163574219
4.92388916015625
5.046226978302002
4.9276347160339355
4.876014709472656
5.114736557006836
4.9150261878967285
4.830109596252441
4.967862606048584
4.981319427490234
4.864755153656006
4.799587726593018
4.748509407043457
4.836247444152832
4.817971706390381
4.767751216888428
4.977658271789551
4.816389083862305
4.9467997550964355
4.736225128173828
4.599442005157471
4.596172332763672
4.7624430656433105
4.500735282897949
4.665676593780518
4.827572822570801
4.904415130615234
4.805410861968994
4.761301517486572
4.721044540405273
4.682695388793945
4.573793411254883
4.617280960083008
4.565634250640869
4.622036457061768
4.494004249572754
4.542867183685303
4.734495639801025
4.392972469329834
4.504164218902588
4.606075763702393
4.355388641357422
4.3265156745910645
4.198648929595947
4.246920108795166
4.1290130615234375
4.146122455596924
4.129213333129883
4.329656600952148
4.151018142700195
4.268896102905273
4.145534992218018
4.023622989654541
4.102902889251709
4.30747652053833
4.170854091644287
4.215620994567871
4.268299102783203
4.227691650390625
4.2694525718688965
4.344505786895752
4.120275497436523
4.1301727294921875
4.053114891052246
4.130309104919434
4.06799840927124
4.21903657913208
4.177300453186035
4.112773895263672
4.146842956542969
4.182106018066406
4.159725666046143
4.013825416564941
4.239627838134766
4.061159133911133
4.170638084411621
4.072012901306152
4.056123733520508
4.198807239532471
4.074732303619385
3.9231057167053223
3.9453206062316895
3.966322898864746
4.1021294593811035
3.992095947265625
4.17110538482666
4.1950154304504395
4.088484287261963
3.994961977005005
4.002066612243652
4.034901142120361
3.980482816696167
3.8783538341522217
4.1012701988220215
3.926041841506958
3.909402370452881
3.792534351348877
3.8074700832366943
3.9617435932159424
3.932603359222412
3.9474263191223145
4.042040824890137
3.9181041717529297
3.7715771198272705
4.08441686630249
3.7418124675750732
3.652033567428589
3.7375285625457764
3.6982436180114746
3.5676372051239014
3.5606179237365723
3.6611576080322266
3.805748701095581
3.638030529022217
3.6452293395996094
3.6713337898254395
3.640756607055664
3.551535129547119
3.585728645324707
3.5480563640594482
3.645477771759033
3.494781017303467
3.4832754135131836
3.4737648963928223
3.6766881942749023
3.77305269241333
3.6908445358276367
3.5863938331604004
3.691446304321289
3.5601325035095215
3.6463351249694824
3.6610851287841797
3.439483165740967
3.4881489276885986
3.5110669136047363
3.5772342681884766
3.5478453636169434
3.502673625946045
3.6558942794799805
3.682584762573242
3.433572769165039
3.4736814498901367
3.5983963012695312
3.417910575866699
3.5210516452789307
3.643482208251953
3.6669838428497314
3.4995555877685547
3.633018970489502
3.4527645111083984
3.4500677585601807
3.3660528659820557
3.45377516746521
3.492034912109375
3.4075067043304443
3.428835153579712
3.5398805141448975
3.402956008911133
3.4002442359924316
3.3104517459869385
3.4109573364257812
3.4573373794555664
3.495251417160034
3.586615800857544
3.419145345687866
3.482618808746338
3.3098766803741455
3.3469901084899902
3.4473085403442383
3.122267961502075
3.284973382949829
3.2889533042907715
3.401940107345581
3.444693088531494
3.2790660858154297
3.1521389484405518
3.054354429244995
3.095902919769287
3.1303305625915527
3.251309394836426
3.0931174755096436
3.208467721939087
3.2249295711517334
3.1600050926208496
3.351019859313965
3.1134936809539795
3.1268117427825928
3.255138874053955
3.208723783493042
3.1506052017211914
3.140519142150879
3.0797858238220215
3.1535022258758545
3.011899471282959
3.3050239086151123
3.273285388946533
3.265841007232666
3.0902726650238037
3.0687901973724365
3.061246633529663
3.1798408031463623
3.147961378097534
3.0627338886260986
3.1227145195007324
3.122901439666748
3.114563465118408
3.0303735733032227
3.054962635040283
3.183647871017456
3.1350185871124268
2.942587375640869
3.055142402648926
3.144299268722534
3.2056877613067627
3.0628256797790527
3.1308555603027344
2.9920802116394043
3.042872428894043
3.052145481109619
3.1117441654205322
3.0477447509765625
3.1122994422912598
2.9814484119415283
3.0440642833709717
3.0166425704956055
3.165478229522705
3.097747564315796
2.9435782432556152
2.9221880435943604
3.0148870944976807
3.0505130290985107
3.0384445190429688
2.8663618564605713
2.847781181335449
2.8647890090942383
2.8841779232025146
2.832134246826172
2.793306827545166
2.7721357345581055
2.8288419246673584
2.8765413761138916
2.8737056255340576
2.787125587463379
2.848240375518799
2.816892623901367
2.9414994716644287
2.8139710426330566
2.964263916015625
2.9175336360931396
2.8266193866729736
2.825301170349121
2.785106658935547
2.825953245162964
2.776014804840088
2.741408348083496
2.8154797554016113
2.9621193408966064
2.872690439224243
2.690871000289917
2.891559362411499
2.836235523223877
2.7737362384796143
2.910010814666748
2.801297187805176
2.746164083480835
2.8407933712005615
2.793841600418091
2.60322904586792
2.771148681640625
2.7055039405822754
2.697971820831299
2.790580987930298
2.9014155864715576
2.7732930183410645
2.8356854915618896
2.6992831230163574
2.7551651000976562
2.7237937450408936
2.7007358074188232
2.708494186401367
2.823477029800415
2.5729482173919678
2.749770164489746
2.6784303188323975
2.6333839893341064
2.735311985015869
2.718670606613159
2.6849138736724854
2.6610968112945557
2.7282450199127197
2.619611978530884
2.773130416870117
2.5741419792175293
2.765141248703003
2.7450623512268066
2.6260986328125
2.803178548812866
2.692957639694214
2.5172531604766846
2.5136213302612305
2.537647008895874
2.5529263019561768
2.6143903732299805
2.582829475402832
2.577197551727295
2.4660067558288574
2.6968629360198975
2.5056216716766357
2.5435473918914795
2.4136950969696045
2.5572543144226074
2.5013668537139893
2.6145687103271484
2.5485429763793945
2.530442714691162
2.6215927600860596
2.4690134525299072
2.5543699264526367
2.4849629402160645
2.5617756843566895
2.526510715484619
2.392108201980591
2.472263813018799
2.604644536972046
2.444079875946045
2.484201431274414
2.6075847148895264
2.3560667037963867
2.5110907554626465
2.503436326980591
2.4990553855895996
2.5463931560516357
2.491076707839966
2.5214338302612305
2.517639636993408
2.419689416885376
2.479180335998535
2.5448200702667236
2.5018999576568604
2.4222052097320557
2.453754186630249
2.448044776916504
2.4199516773223877
2.4873130321502686
2.5450007915496826
2.4721407890319824
2.469290018081665
2.455918312072754
2.5449585914611816
2.576507568359375
2.455568552017212
2.4801876544952393
2.565669536590576
2.397423267364502
2.4309980869293213
2.450385808944702
2.498302459716797
2.3832762241363525
2.421724796295166
2.341982364654541
2.320233106613159
2.3831207752227783
2.2261416912078857
2.3799896240234375
2.3662092685699463
2.2966690063476562
2.365377902984619
2.230490207672119
2.23357892036438
2.33418607711792
2.2745401859283447
2.3727285861968994
2.4707534313201904
2.320977210998535
2.263751268386841
2.2545275688171387
2.4661521911621094
2.2961854934692383
2.368431329727173
2.2770705223083496
2.394334316253662
2.239668846130371
2.375737428665161
2.3669517040252686
2.2832860946655273
2.242563009262085
2.345681667327881
2.241434097290039
2.2982890605926514
2.323826551437378
2.414494752883911
2.2005598545074463
2.213258743286133
2.2348687648773193
2.1650922298431396
2.3433330059051514
2.263697385787964
2.391728162765503
2.268721580505371
2.2582433223724365
2.20864200592041
2.202979326248169
2.291384220123291
2.2413198947906494
2.375974655151367
2.1461021900177
2.282841444015503
2.2322256565093994
2.1396658420562744
2.133669376373291
2.3865437507629395
2.250791549682617
2.156135082244873
2.2906782627105713
2.1782572269439697
2.395092010498047
2.2820582389831543
2.3024160861968994
2.2047770023345947
2.2386817932128906
2.277107000350952
2.270367383956909
2.137561321258545
2.215824604034424
2.1878907680511475
2.1802561283111572
2.1160175800323486
2.22806453704834
2.0336077213287354
2.0652573108673096
2.1993727684020996
2.201348304748535
2.157938241958618
2.067643880844116
2.036303758621216
2.123685598373413
2.121150255203247
2.13207745552063
2.0868306159973145
2.2651171684265137
2.1871087551116943
2.173269748687744
2.1769216060638428
1.9875104427337646
2.0654568672180176
2.0515782833099365
2.096893787384033
2.1264748573303223
2.2139949798583984
2.114598274230957
2.1160616874694824
2.136965751647949
2.1019842624664307
2.1209864616394043
2.052711248397827
2.0478737354278564
1.9284751415252686
2.087890625
2.068936824798584
2.135645627975464
2.0996315479278564
2.0701096057891846
2.1771342754364014
2.0643386840820312
2.1525869369506836
2.07326078414917
2.1031107902526855
2.1182749271392822
1.999617099761963
2.0337321758270264
2.1955227851867676
2.053300380706787
2.1036243438720703
2.0410964488983154
2.048402786254883
2.104433298110962
2.082622766494751
2.0976521968841553
2.0858428478240967
2.0191738605499268
2.081148386001587
2.014258623123169
2.0732226371765137
2.1095762252807617
1.9585926532745361
2.0314576625823975
1.992716670036316
2.062143564224243
2.004049777984619
2.003978729248047
1.931592583656311
1.93258535861969
1.9353450536727905
1.8822990655899048
2.0053231716156006
1.9210515022277832
1.952521562576294
1.93454909324646
1.9786301851272583
1.9424548149108887
2.0498597621917725
1.9010552167892456
2.009657144546509
1.9610974788665771
2.0089190006256104
1.9458202123641968
2.102924108505249
1.842075228691101
1.9303312301635742
1.9615983963012695
2.028247117996216
1.9979430437088013
1.9674535989761353
1.904192566871643
1.9271053075790405
2.0067386627197266
1.9127607345581055
1.9468433856964111
1.8736509084701538
1.9656896591186523
1.9280598163604736
1.9915754795074463
2.06009840965271
2.048089027404785
1.949129581451416
1.925142765045166
1.874131679534912
1.9691511392593384
1.8764749765396118
1.934389591217041
2.0895333290100098
1.8975112438201904
1.840990662574768
2.0051052570343018
1.8757637739181519
1.920345664024353
1.9433505535125732
1.9030293226242065
1.882840633392334
2.068082809448242
1.8738067150115967
1.8758922815322876
1.9034850597381592
1.8549641370773315
1.8058838844299316
1.8207885026931763
1.8607368469238281
1.850914478302002
1.866473913192749
2.0269134044647217
1.9610131978988647
1.797276258468628
1.8577935695648193
1.8724452257156372
1.7743457555770874
1.7589062452316284
1.8696489334106445
1.7323487997055054
1.9311258792877197
1.8137218952178955
1.893966794013977
1.7989976406097412
1.7786622047424316
1.7651910781860352
1.7575969696044922
1.8045679330825806
1.8298046588897705
1.7013731002807617
1.8274911642074585
1.775612473487854
1.797545075416565
1.8263499736785889
1.92160165309906
1.7538737058639526
1.8637044429779053
1.824530005455017
1.7888705730438232
1.8034095764160156
1.7721303701400757
1.7959469556808472
1.7923269271850586
1.83036470413208
1.7959271669387817
1.7288991212844849
1.8413094282150269
1.8585693836212158
1.7218689918518066
1.8307768106460571
1.8181791305541992
1.7853113412857056
1.7732598781585693
1.858795166015625
1.777024745941162
1.8925942182540894
1.7825590372085571
1.8450934886932373
1.8131626844406128
1.7659507989883423
1.7684065103530884
1.7467437982559204
1.936623454093933
1.7553080320358276
1.9247221946716309
1.7400450706481934
1.7656716108322144
1.8144559860229492
1.7728188037872314
1.7682098150253296
1.7800681591033936
1.7722612619400024
1.742566704750061
1.7336912155151367
1.7843537330627441
1.7639189958572388
1.8068464994430542
1.780938982963562
1.7598494291305542
1.744923710823059
1.7077735662460327
1.7994340658187866
1.628372311592102
1.71604585647583
1.6949176788330078
1.7081469297409058
1.6876530647277832
1.689527153968811
1.8683737516403198
1.7014434337615967
1.6774722337722778
1.674850583076477
1.6840894222259521
1.774001955986023
1.673072338104248
1.733728289604187
1.717136025428772
1.6382910013198853
1.725764274597168
1.6511048078536987
1.7080029249191284
1.7118664979934692
1.6578075885772705
1.7812315225601196
1.636966347694397
1.7112243175506592
1.689823031425476
1.7232366800308228
1.7437119483947754
1.6681134700775146
1.6945465803146362
1.6627826690673828
1.708204746246338
1.5777044296264648
1.643700361251831
1.715363621711731
1.5713311433792114
1.7028777599334717
1.695631742477417
1.6996363401412964
1.7237050533294678
1.6105787754058838
1.6597506999969482
1.772470474243164
1.7706704139709473
1.6640024185180664
1.6129515171051025
1.7144495248794556
1.666306972503662
1.7148149013519287
1.5989303588867188
1.6878774166107178
1.6549029350280762
1.5632259845733643
1.6455590724945068
1.6341962814331055
1.6567625999450684
1.6732414960861206
1.646704077720642
1.654991865158081
1.5653948783874512
1.592979907989502
1.5907517671585083
1.6268333196640015
1.5532175302505493
1.5828819274902344
1.6868985891342163
1.5724775791168213
1.5480502843856812
1.5545594692230225
1.6251813173294067
1.5777721405029297
1.605520248413086
1.6523534059524536
1.589678406715393
1.5290725231170654
1.56903076171875
1.5271432399749756
1.5889408588409424
1.626376748085022
1.5305529832839966
1.5603564977645874
1.5212653875350952
1.5249890089035034
1.5537331104278564
1.50057053565979
1.6238497495651245
1.7982271909713745
1.5225969552993774
1.6538481712341309
1.5679283142089844
1.6064480543136597
1.5887986421585083
1.542649269104004
1.5303847789764404
1.6434186697006226
1.5895401239395142
1.5850249528884888
1.619297981262207
1.52290678024292
1.5903738737106323
1.605863094329834
1.536995768547058
1.6175018548965454
1.5731664896011353
1.4939814805984497
1.5946340560913086
1.6772481203079224
1.6299768686294556
1.5344924926757812
1.496957540512085
1.553261399269104
1.5459147691726685
1.5630667209625244
1.580771565437317
1.4876000881195068
1.5656991004943848
1.4372060298919678
1.5286283493041992
1.5826009511947632
1.4935660362243652
1.5431581735610962
1.6118738651275635
1.5202388763427734
1.5411765575408936
1.5241761207580566
1.5814968347549438
1.5724003314971924
1.5856728553771973
1.4847513437271118
1.4440600872039795
1.6080193519592285
1.564427137374878
1.4629825353622437
1.4851505756378174
1.4678246974945068
1.4222042560577393
1.4371951818466187
1.4197304248809814
1.4798681735992432
1.5810925960540771
1.4607685804367065
1.4972795248031616
1.4209084510803223
1.6866676807403564
1.42255699634552
1.5219578742980957
1.4594058990478516
1.4259443283081055
1.5537629127502441
1.5093635320663452
1.3903331756591797
1.5055354833602905
1.4768753051757812
1.444008708000183
1.4745808839797974
1.5265653133392334
1.5533220767974854
1.4566538333892822
1.4433543682098389
1.5149744749069214
1.3447086811065674
1.4932411909103394
1.3799246549606323
1.4749027490615845
1.46820867061615
1.5488728284835815
1.5399281978607178
1.466338038444519
1.5107423067092896
1.4304066896438599
1.4391989707946777
1.4444217681884766
1.4758714437484741
1.5808311700820923
1.5191006660461426
1.4291244745254517
1.475066900253296
1.447349190711975
1.5518299341201782
1.4584532976150513
1.5547552108764648
1.4488193988800049
1.450178861618042
1.4598318338394165
1.437434196472168
1.5205961465835571
1.4220407009124756
1.4368592500686646
1.5088452100753784
1.511216163635254
1.482795238494873
1.4167249202728271
1.4701639413833618
1.3953629732131958
1.5002946853637695
1.41604745388031
1.4520537853240967
1.434289813041687
1.4371565580368042
1.3593878746032715
1.5112165212631226
1.589672327041626
1.4031288623809814
1.414747714996338
1.4292540550231934
1.4270374774932861
1.340288758277893
1.4039552211761475
1.4001374244689941
1.3446208238601685
1.3980321884155273
1.3889564275741577
1.3628628253936768
1.3304733037948608
1.419821858406067
1.3906563520431519
1.4161696434020996
1.3748754262924194
1.3392601013183594
1.3382865190505981
1.5273571014404297
1.4236109256744385
1.381271481513977
1.3777841329574585
1.3867982625961304
1.3784188032150269
1.3206382989883423
1.3257009983062744
1.3568793535232544
1.3780403137207031
1.4801084995269775
1.3695530891418457
1.3814247846603394
1.41602623462677
1.3881731033325195
1.3644429445266724
1.3638246059417725
1.3773630857467651
1.4094804525375366
1.3314045667648315
1.4234528541564941
1.4108216762542725
1.337281584739685
1.3616694211959839
1.347262978553772
1.4657995700836182
1.3575855493545532
1.3946638107299805
1.4178887605667114
1.2609076499938965
1.3819128274917603
1.3820600509643555
1.3820784091949463
1.4724156856536865
1.3679280281066895
1.3048186302185059
1.2394037246704102
1.3262535333633423
1.3828903436660767
1.280464768409729
1.3766354322433472
1.2929567098617554
1.3073514699935913
1.344835877418518
1.3040367364883423
1.3560962677001953
1.3856579065322876
1.2773663997650146
1.3931827545166016
1.4498162269592285
1.3555856943130493
1.316481351852417
1.2736859321594238
1.4323673248291016
1.4054073095321655
1.3893929719924927
1.2161873579025269
1.3308641910552979
1.2832460403442383
1.3798381090164185
1.3197327852249146
1.327607274055481
1.3118540048599243
1.2747865915298462
1.3235737085342407
1.4254958629608154
1.2818063497543335
1.296183705329895
1.2868634462356567
1.290703296661377
1.2936553955078125
1.3371319770812988
1.2879056930541992
1.381030559539795
1.3180568218231201
1.3305680751800537
1.2981977462768555
1.3265131711959839
1.3274480104446411
1.2713971138000488
1.2802631855010986
1.2797762155532837
1.417583703994751
1.2956401109695435
1.2578480243682861
1.2481622695922852
1.3787692785263062
1.2349995374679565
1.3018057346343994
1.3512271642684937
1.3584526777267456
1.2787295579910278
1.3393155336380005
1.2381378412246704
1.3262845277786255
1.368019461631775
1.2528549432754517
1.2818031311035156
1.2555125951766968
1.2639498710632324
1.2934647798538208
1.2277885675430298
1.304723858833313
1.2427512407302856
1.2751941680908203
1.2610015869140625
1.2838382720947266
1.2221901416778564
1.3203567266464233
1.2841283082962036
1.1663062572479248
1.232507348060608
1.2284640073776245
1.2711960077285767
1.3239822387695312
1.2042704820632935
1.2830579280853271
1.3330085277557373
1.2303524017333984
1.2849665880203247
1.2380300760269165
1.227260708808899
1.1795451641082764
1.2525591850280762
1.2827011346817017
1.268226146697998
1.2438058853149414
1.3098549842834473
1.2792026996612549
1.2965714931488037
1.291955828666687
1.2414268255233765
1.2126390933990479
1.2037279605865479
1.237001895904541
1.2866133451461792
1.2364126443862915
1.2090457677841187
1.233849048614502
1.3379311561584473
1.262509822845459
1.2368571758270264
1.2566993236541748
1.2899432182312012
1.2683557271957397
1.1518107652664185
1.2416794300079346
1.2201347351074219
1.3045070171356201
1.2590306997299194
1.3581995964050293
1.2279428243637085
1.322525978088379
1.2445396184921265
1.1637142896652222
1.2201021909713745
1.262157917022705
1.1857317686080933
1.2263741493225098
1.2294307947158813
1.2326220273971558
1.1645681858062744
1.1475151777267456
1.1476892232894897
1.2486467361450195
1.1218785047531128
1.1608593463897705
1.2260383367538452
1.2632817029953003
1.224721074104309
1.3989461660385132
1.2308095693588257
1.1476575136184692
1.23264741897583
1.1663410663604736
1.20765221118927
1.1505851745605469
1.2586396932601929
1.2405049800872803
1.1777344942092896
1.1708227396011353
1.1941074132919312
1.178795576095581
1.2058030366897583
1.1290570497512817
1.1539769172668457
1.1886736154556274
1.1668959856033325
1.2145625352859497
1.1461644172668457
1.1888792514801025
1.1559138298034668
1.115585446357727
1.2274774312973022
1.1722251176834106
1.1651414632797241
1.245308518409729
1.2145962715148926
1.178492546081543
1.2197870016098022
1.176916241645813
1.1616439819335938
1.244870662689209
1.154199481010437
1.22080397605896
1.2361446619033813
1.2823829650878906
1.2922451496124268
1.2176399230957031
1.1819982528686523
1.2041888236999512
1.213691234588623
1.2494443655014038
1.2060729265213013
1.1239256858825684
1.2301656007766724
1.2441741228103638
1.1534390449523926
1.1777987480163574
1.1686853170394897
1.1887989044189453
1.190177083015442
1.1131664514541626
1.2424994707107544
1.1037434339523315
1.1601041555404663
1.2968437671661377
1.177698016166687
1.2250547409057617
1.1696932315826416
1.1492235660552979
1.1103088855743408
1.0906908512115479
1.0856956243515015
1.106201171875
1.169136643409729
1.114480972290039
1.1027650833129883
1.0565733909606934
1.1381897926330566
1.1494206190109253
1.136300802230835
1.1378170251846313
1.0923153162002563
1.1609517335891724
1.1415363550186157
1.1292754411697388
1.159740924835205
1.1258736848831177
1.113744854927063
1.14511239528656
1.1507956981658936
1.107126235961914
1.1178984642028809
1.097305417060852
1.1894166469573975
1.1402751207351685
1.0876213312149048
1.1611851453781128
1.2484779357910156
1.089775800704956
1.0957536697387695
1.1582751274108887
1.143431305885315
1.0899783372879028
1.0980496406555176
1.1058666706085205
1.1038637161254883
1.1085195541381836
1.164740800857544
1.0351606607437134
1.175086259841919
1.0775976181030273
1.1398563385009766
1.1329983472824097
1.1279124021530151
1.1276599168777466
1.110972285270691
1.2088567018508911
1.0897384881973267
1.132399559020996
1.150230884552002
1.135417103767395
1.0905423164367676
1.1547443866729736
1.1261934041976929
1.1485254764556885
1.1186869144439697
1.1093723773956299
1.1661309003829956
1.092840313911438
1.0920377969741821
1.1182433366775513
1.133709192276001
1.1046819686889648
1.0661649703979492
1.0524781942367554
1.0753053426742554
1.0497443675994873
1.2831966876983643
1.0476402044296265
1.0842063426971436
1.1263551712036133
1.0821374654769897
1.0961092710494995
1.1436008214950562
1.0451061725616455
1.072591781616211
1.0168441534042358
1.0991896390914917
0.9943544268608093
1.1769685745239258
1.0816600322723389
1.0997545719146729
1.0335967540740967
1.0890496969223022
1.044337272644043
1.0570809841156006
1.1223759651184082
1.0797748565673828
1.0618008375167847
1.0732700824737549
1.1179673671722412
1.0516608953475952
1.0379114151000977
1.0637322664260864
1.045514464378357
1.0981112718582153
1.065640926361084
0.989870011806488
1.156198263168335
1.0783339738845825
1.1368162631988525
1.1150002479553223
1.0141379833221436
1.0941487550735474
1.0531792640686035
1.044313669204712
1.0684751272201538
1.0640169382095337
1.0951663255691528
1.0837478637695312
1.037411093711853
1.0539846420288086
1.1436132192611694
1.091308355331421
1.043984055519104
1.0511895418167114
1.067093014717102
1.0856146812438965
1.1273566484451294
1.059833288192749
1.0713845491409302
1.054531216621399
1.0530041456222534
1.0706703662872314
1.0119092464447021
1.085012435913086
1.0193265676498413
1.051457405090332
1.0570982694625854
0.9567863345146179
0.9690275192260742
0.9773197174072266
1.0487650632858276
1.0582466125488281
0.9953644871711731
1.0746039152145386
1.022255301475525
1.0746450424194336
1.0535532236099243
0.9702466130256653
1.0560085773468018
1.0470565557479858
1.0187137126922607
1.0875134468078613
1.0199893712997437
0.9944079518318176
1.0059595108032227
1.0577538013458252
1.0602678060531616
1.0400574207305908
1.0088214874267578
1.0042533874511719
1.052161455154419
1.0256214141845703
0.9996330738067627
1.0261049270629883
1.053938865661621
0.972087562084198
1.0233906507492065
1.0167232751846313
1.0230087041854858
1.0625298023223877
0.9894449710845947
1.061051607131958
1.078565239906311
1.121538758277893
0.9999257922172546
0.9642050862312317
1.0259736776351929
0.9758647680282593
0.9917048811912537
1.0322680473327637
1.0422639846801758
1.0443377494812012
0.9635674953460693
1.0123131275177002
1.0634698867797852
1.0358670949935913
1.0359728336334229
1.0883259773254395
1.0284922122955322
0.9996706247329712
1.0070751905441284
1.0138829946517944
1.006179928779602
1.0075960159301758
0.9960858225822449
1.0098143815994263
0.9690266251564026
0.9947460889816284
1.083910584449768
1.0132237672805786
0.9612480401992798
1.1712243556976318
0.9758171439170837
1.0879020690917969
0.9736113548278809
1.063123106956482
0.9946399927139282
1.0104899406433105
0.9768198728561401
0.9612296223640442
0.9868967533111572
1.052020788192749
0.9857500791549683
0.9354861378669739
0.9738281965255737
1.0305379629135132
0.9432047009468079
0.9739776849746704
0.9833308458328247
0.9593751430511475
0.9655132293701172
0.9898918867111206
0.951770007610321
1.0506535768508911
0.9821834564208984
0.9342107176780701
0.9745457172393799
1.005946397781372
0.9904311895370483
0.9351510405540466
0.9118723273277283
0.9719896912574768
0.9848780035972595
1.0159475803375244
0.9971055388450623
0.95272296667099
0.9404780268669128
0.9938409328460693
0.9439991116523743
0.9971770644187927
0.9705430865287781
1.0105563402175903
0.9382124543190002
0.9677116870880127
1.0043643712997437
0.999505341053009
0.9774914979934692
0.9471338987350464
0.9187560081481934
1.013518214225769
0.9486562013626099
0.9773245453834534
0.9757292866706848
0.9788314700126648
0.912207305431366
0.9679712653160095
0.9669835567474365
0.9656050801277161
0.9224892854690552
0.9574061632156372
0.8918238282203674
0.9619790315628052
0.9188986420631409
0.998235285282135
0.888979971408844
0.9458979964256287
0.9815771579742432
1.0426850318908691
0.9458274245262146
0.9751806855201721
0.9315378665924072
0.9514671564102173
0.9559271931648254
0.9421910047531128
0.8435489535331726
0.9095194339752197
0.8940754532814026
0.9361872673034668
0.962151050567627
0.8989636898040771
0.9111613631248474
0.9111993312835693
0.9685678482055664
0.9317955374717712
0.935936450958252
0.9784194231033325
0.9951885938644409
0.9321521520614624
0.9251219630241394
1.0336339473724365
0.9186004996299744
0.9682356715202332
0.9663649201393127
0.9963852167129517
0.9267831444740295
0.9793761372566223
0.9128067493438721
0.9491826891899109
0.9153557419776917
0.9711481928825378
0.944373607635498
0.9076265096664429
0.972765326499939
0.9844905138015747
0.9039789438247681
0.9316667318344116
0.9283113479614258
0.9125357270240784
0.8942776918411255
0.9486706852912903
0.9331794381141663
0.912286639213562
0.9615491628646851
0.9296576976776123
0.9237092733383179
1.0011579990386963
1.056470513343811
0.9540501236915588
0.8903865814208984
0.8715708255767822
0.8599878549575806
0.9498146772384644
0.8931664228439331
0.9521462321281433
0.8705522418022156
0.7977825403213501
0.8475379347801208
0.9348136782646179
0.8550930619239807
0.8571056723594666
0.8534693717956543
0.9054675698280334
0.9577293992042542
0.8846741914749146
0.8896832466125488
0.9897192120552063
1.0081926584243774
0.8426998853683472
0.8345867395401001
0.848379373550415
0.8750547766685486
0.8854343295097351
0.8694698214530945
0.9795005917549133
0.8817281723022461
0.8694480061531067
0.9133472442626953
0.8978764414787292
0.8583006262779236
0.9739696979522705
0.9416367411613464
0.8784658908843994
0.8708961606025696
0.9414564967155457
0.9142441749572754
0.9453055262565613
0.9358528852462769
0.8878780603408813
0.9162024259567261
0.9203940033912659
0.9030638933181763
0.9332085847854614
0.8601301312446594
0.922885537147522
0.9614376425743103
0.9255011677742004
0.9357386827468872
0.8853132128715515
0.8845633864402771
0.8800190687179565
0.8924751877784729
0.9389466643333435
0.9612968564033508
0.8336153626441956
0.8764541149139404
0.9001359939575195
0.8253084421157837
0.8659301996231079
0.8639336228370667
0.9447016716003418
0.8945987820625305
0.9361454248428345
0.8710072040557861
0.8535927534103394
0.9179940819740295
0.8016895651817322
0.8498647212982178
0.8489794731140137
0.8841316103935242
0.7913796901702881
0.8031089305877686
0.7744208574295044
0.8696450591087341
0.8704709410667419
0.9018800854682922
0.8547239303588867
0.9287562966346741
0.8026401996612549
0.931444525718689
0.8958566188812256
0.8431701064109802
0.9030537009239197
0.8834351301193237
0.865298867225647
0.8859115242958069
0.843396782875061
0.8243023157119751
0.8410841226577759
0.8309107422828674
0.8455753326416016
0.8334049582481384
0.8860157132148743
0.777617335319519
0.8168923258781433
0.8321524262428284
0.8313866853713989
0.8575745224952698
0.9027575254440308
0.8414241075515747
0.9038773775100708
0.8902159929275513
0.8416154384613037
0.8359352350234985
0.8131157755851746
0.8419134616851807
0.8842698335647583
1.0304267406463623
0.7648045420646667
0.8919603228569031
0.8546227812767029
0.8515599370002747
0.9018030762672424
0.8438494205474854
0.8750818371772766
0.8888794183731079
0.8249064087867737
0.8204599618911743
0.8937419056892395
0.8755202889442444
0.7880274653434753
0.9289030432701111
0.8846322894096375
0.8824357986450195
0.8971896767616272
0.8247188925743103
0.8477151393890381
0.8572348356246948
0.8172988295555115
0.849035918712616
0.8376525044441223
0.8103662133216858
0.7813223600387573
0.7923003435134888
0.8599731922149658
0.8179813027381897
0.7759718894958496
0.7671476006507874
0.7447007894515991
0.7914789915084839
0.8166995048522949
0.8094331622123718
0.8595950603485107
0.8541430830955505
0.8009747862815857
0.8791873455047607
0.9370797276496887
0.8244134783744812
0.8611157536506653
0.8556605577468872
0.8163926005363464
0.7933629155158997
0.8216370344161987
0.8209928274154663
0.7807459235191345
0.8044819831848145
0.8143064975738525
0.8188318610191345
0.8103880286216736
0.8157083988189697
0.836341381072998
0.8462991714477539
0.8103160262107849
0.7756129503250122
0.8074508905410767
0.8338027000427246
0.8432840704917908
0.7908608913421631
0.7973995804786682
0.827319324016571
0.8267885446548462
0.8305174112319946
0.7963172197341919
0.7650756239891052
0.8561985492706299
0.8158448934555054
0.8146413564682007
0.8016839623451233
0.7812575697898865
0.8199793100357056
0.9450460076332092
0.8468050360679626
0.7806809544563293
0.860336422920227
0.9562723636627197
0.8656749129295349
0.8109032511711121
0.772765040397644
0.7677358984947205
0.8097321391105652
0.8534532785415649
0.8089563846588135
0.8119843006134033
0.8272080421447754
0.8098161220550537
0.8030292987823486
0.7790781259536743
0.7724271416664124
0.878095269203186
0.7965056896209717
0.8327142000198364
0.7798047661781311
0.7676819562911987
0.8027123212814331
0.7522220611572266
0.7501545548439026
0.7798869013786316
0.8068560361862183
0.7870486378669739
0.708716869354248
0.7637540102005005
0.790429949760437
0.8170598149299622
0.7966750264167786
0.7802332639694214
0.8234133720397949
0.8108391165733337
0.798416256904602
0.8311888575553894
0.8339187502861023
0.8651366233825684
0.7867994904518127
0.8117040395736694
0.8080887198448181
0.7561949491500854
0.8273947834968567
0.769839882850647
0.8192341327667236
0.7858201265335083
0.7423301935195923
0.7470975518226624
0.7745966911315918
0.7459772229194641
0.7774170637130737
0.7338990569114685
0.8348484039306641
0.7454197406768799
0.7824283838272095
0.8283787369728088
0.7843818068504333
0.8150420784950256
0.7915576100349426
0.821980893611908
0.7981287240982056
0.7816847562789917
0.8346764445304871
0.8520212769508362
0.7901934385299683
0.7813436985015869
0.7907875776290894
0.7832869291305542
0.7900145649909973
0.7549573183059692
0.7435147762298584
0.8744992017745972
0.7352801561355591
0.7551555633544922
0.7368114590644836
0.7705622911453247
0.7463149428367615
0.7641587853431702
0.7700242400169373
0.7598963379859924
0.7567293047904968
0.7646689414978027
0.6940826773643494
0.7543286681175232
0.7859078049659729
0.760490894317627
0.6974501609802246
0.7343770265579224
0.7634611129760742
0.7760778069496155
0.7948859333992004
0.7757511138916016
0.8180534839630127
0.8023462295532227
0.7431689500808716
0.7850819230079651
0.7412267923355103
0.7511563301086426
0.826983630657196
0.7216564416885376
0.7495019435882568
0.7445897459983826
0.7289016842842102
0.8104344606399536
0.8499674201011658
0.7565723061561584
0.76302170753479
0.7186192274093628
0.8402365446090698
0.7822376489639282
0.757813572883606
0.8322572708129883
0.7461764812469482
0.7589516639709473
0.7689570784568787
0.7560189962387085
0.7700579166412354
0.7124553918838501
0.8100742101669312
0.7690438032150269
0.8302794694900513
0.7375316023826599
0.7659137845039368
0.7134796977043152
0.7177523374557495
0.785802960395813
0.7494333386421204
0.721246063709259
0.7443482875823975
0.6925264596939087
0.7165235877037048
0.7262714505195618
0.7541940808296204
0.7236994504928589
0.705771803855896
0.7241904735565186
0.7197766304016113
0.7475048899650574
0.7300007343292236
0.7325984835624695
0.7047885060310364
0.7414888739585876
0.7155860066413879
0.7025032043457031
0.765235960483551
0.6853929162025452
0.8200504183769226
0.6546728610992432
0.7468970417976379
0.7003680467605591
0.6844155788421631
0.6983007788658142
0.7534109950065613
0.6998578906059265
0.7311528921127319
0.76578688621521
0.7439305186271667
0.7376847267150879
0.769489586353302
0.7318612933158875
0.7109954953193665
0.8121786713600159
0.7205979824066162
0.7145000100135803
0.6870381236076355
0.7756319046020508
0.7290124297142029
0.6954941153526306
0.7434445023536682
0.7025244235992432
0.6741830706596375
0.7241899967193604
0.6966705322265625
0.7267266511917114
0.7185107469558716
0.727035403251648
0.6734333634376526
0.6664678454399109
0.7042442560195923
0.7119852900505066
0.7125799059867859
0.784776508808136
0.7511166334152222
0.6947497725486755
0.7130271792411804
0.6950713396072388
0.741353452205658
0.7173354029655457
0.7538800239562988
0.6757883429527283
0.7035284638404846
0.6977613568305969
0.6675136089324951
0.7782164216041565
0.7112667560577393
0.7428827285766602
0.7220621705055237
0.7134218811988831
0.7168306708335876
0.7115246057510376
0.7057150602340698
0.657155454158783
0.7176318168640137
0.7010151147842407
0.674405038356781
0.6861462593078613
0.7131036520004272
0.706507682800293
0.6886159777641296
0.6752961874008179
0.677986204624176
0.7829145193099976
0.8166704177856445
0.6773406863212585
0.7200220227241516
0.6535274982452393
0.638464093208313
0.7666702270507812
0.6484689116477966
0.6817614436149597
0.728828489780426
0.675716757774353
0.6896517276763916
0.6576880812644958
0.7348230481147766
0.6655617952346802
0.6781561374664307
0.696181058883667
0.7158891558647156
0.6386550068855286
0.7086085081100464
0.7557982206344604
0.6651922464370728
0.7343593835830688
0.6797268986701965
0.696510910987854
0.6561808586120605
0.6991439461708069
0.7070602178573608
0.6270756721496582
0.7137482166290283
0.6917903423309326
0.6437095999717712
0.6788610219955444
0.6803615093231201
0.6350940465927124
0.7083919048309326
0.7831181883811951
0.684234082698822
0.6827402114868164
0.7501327395439148
0.6758587956428528
0.6878056526184082
0.7358258962631226
0.6976085901260376
0.6872044205665588
0.6921598315238953
0.6690737009048462
0.6230446100234985
0.6600833535194397
0.6745535135269165
0.6927250623703003
0.738689661026001
0.6973645687103271
0.6609077453613281
0.71542888879776
0.6595029830932617
0.6635512113571167
0.680395245552063
0.6118784546852112
0.6570020914077759
0.6245582103729248
0.6447038054466248
0.6247751116752625
0.6884634494781494
0.6662601232528687
0.6324954032897949
0.6252451539039612
0.6547937393188477
0.6527578234672546
0.6281331777572632
0.643704354763031
0.6783440709114075
0.6579241156578064
0.6545069813728333
0.7470378875732422
0.6936231255531311
0.6903889775276184
0.6276450753211975
0.7599597573280334
0.6428271532058716
0.6785914301872253
0.6093616485595703
0.6379599571228027
0.6148413419723511
0.6653879284858704
0.6770806312561035
0.6723439693450928
0.6429901719093323
0.6305894255638123
0.6651057004928589
0.7138969302177429
0.6859905123710632
0.699066162109375
0.6273658871650696
0.6677872538566589
0.7594968676567078
0.6559067964553833
0.641130805015564
0.677393913269043
0.7006887197494507
0.6584622859954834
0.6622905135154724
0.6577454805374146
0.6668349504470825
0.6901089549064636
0.6471724510192871
0.6626761555671692
0.7328914403915405
0.6753876209259033
0.7019542455673218
0.6744316816329956
0.6546357274055481
0.6350919604301453
0.6327135562896729
0.615200936794281
0.6721306443214417
0.6884380578994751
0.6550681591033936
0.7147925496101379
0.6295875906944275
0.628756582736969
0.6110726594924927
0.599597156047821
0.644106924533844
0.660219669342041
0.5888539552688599
0.6033010482788086
0.6333600878715515
0.6757184267044067
0.6169139742851257
0.7607575058937073
0.6455273032188416
0.6511131525039673
0.6543332934379578
0.7698626518249512
0.6546227931976318
0.6014070510864258
0.6688138842582703
0.7033533453941345
0.7125255465507507
0.6829627156257629
0.6202527284622192
0.6715805530548096
0.629970133304596
0.5883880257606506
0.6449627876281738
0.6072765588760376
0.6041731834411621
0.668229341506958
0.650664746761322
0.5986983776092529
0.6245630383491516
0.6649418473243713
0.602455198764801
0.6810663938522339
0.6221603751182556
0.6409620046615601
0.6860874891281128
0.6523062586784363
0.6153141856193542
0.6394564509391785
0.6264187097549438
0.6967847943305969
0.6827247738838196
0.6008614301681519
0.6399029493331909
0.6043040752410889
0.589665949344635
0.665116012096405
0.6763501167297363
0.6538099646568298
0.6473872661590576
0.6277260184288025
0.6255695819854736
0.6112826466560364
0.6273616552352905
0.6163496375083923
0.6331332921981812
0.6031744480133057
0.6741120219230652
0.7372854948043823
0.6369642615318298
0.6472102403640747
0.60269695520401
0.6221684217453003
0.6244979500770569
0.6071500778198242
0.6019560694694519
0.6213206052780151
0.6330795884132385
0.597718358039856
0.5994157195091248
0.5917252898216248
0.6595515012741089
0.6255463361740112
0.5387412309646606
0.6045140027999878
0.6578840613365173
0.6764505505561829
0.5742680430412292
0.5533358454704285
0.6230056881904602
0.6162956357002258
0.5678566694259644
0.5823991298675537
0.5896737575531006
0.5825978517532349
0.6099646091461182
0.6298633813858032
0.7579018473625183
0.6426122188568115
0.6572641134262085
0.6119198799133301
0.6287343502044678
0.6316537261009216
0.582706093788147
0.5922569036483765
0.6459065079689026
0.625246524810791
0.6162134408950806
0.6314404010772705
0.6229836940765381
0.598047137260437
0.6602423191070557
0.6356122493743896
0.627357542514801
0.597331702709198
0.6109103560447693
0.6400811076164246
0.6557190418243408
0.5888680219650269
0.6045228242874146
0.6095520257949829
0.6050439476966858
0.6056719422340393
0.6554121375083923
0.7090892791748047
0.6077542304992676
0.5893629789352417
0.6097762584686279
0.6129536628723145
0.6314041018486023
0.6238241195678711
0.5690138936042786
0.6054827570915222
0.5953811407089233
0.630713701248169
0.6707300543785095
0.7277750372886658
0.5777708888053894
0.5624766945838928
0.6204047799110413
0.5814716815948486
0.5719319581985474
0.5926331281661987
0.5592740774154663
0.604587733745575
0.6038628220558167
0.5950485467910767
0.6160134673118591
0.5636470913887024
0.5709776878356934
0.574624240398407
0.5700576305389404
0.5912870168685913
0.5824569463729858
0.6206001043319702
0.5774871706962585
0.5988112092018127
0.5836435556411743
0.6245191097259521
0.5748688578605652
0.5792705416679382
0.6165567636489868
0.6697020530700684
0.61660236120224
0.5865535140037537
0.6052145957946777
0.6279420256614685
0.5880266427993774
0.6244217753410339
0.5562754273414612
0.5685923099517822
0.6006432771682739
0.6024972200393677
0.5542354583740234
0.6019951701164246
0.596108615398407
0.5738934874534607
0.6210681200027466
0.6268953680992126
0.6830620169639587
0.5687447190284729
0.6011357307434082
0.6253960132598877
0.6139532923698425
0.5504708290100098
0.6494216322898865
0.5789134502410889
0.5454161763191223
0.7118658423423767
0.5977904796600342
0.5399332642555237
0.6745637655258179
0.6140632033348083
0.6063626408576965
0.6060165166854858
0.598735511302948
0.5790456533432007
0.5822331309318542
0.6344243884086609
0.5656126737594604
0.6042705178260803
0.5656601786613464
0.5726950168609619
0.5296832323074341
0.5633580088615417
0.606415331363678
0.5346439480781555
0.6182008981704712
0.571014404296875
0.6014972925186157
0.5525227785110474
0.5589528679847717
0.5274994373321533
0.5430516600608826
0.5768871307373047
0.6311665177345276
0.6184043288230896
0.5917806625366211
0.5854679346084595
0.5720848441123962
0.5595325231552124
0.6343757510185242
0.5681644678115845
0.543647289276123
0.6000099182128906
0.5677064657211304
0.5531745553016663
0.5769761800765991
0.6214138269424438
0.6018484830856323
0.5589964985847473
0.5625699162483215
0.599990725517273
0.572625458240509
0.6181657314300537
0.5663208365440369
0.60906583070755
0.5672848224639893
0.5560848712921143
0.5953137874603271
0.6558403372764587
0.5735843181610107
0.5627951622009277
0.5738462805747986
0.5845897197723389
0.6285749673843384
0.567375123500824
0.6264537572860718
0.5439679026603699
0.5738145709037781
0.6312093734741211
0.6914118528366089
0.5717648863792419
0.5760268568992615
0.5468702912330627
0.5735530853271484
0.5316848754882812
0.5349658131599426
0.5447699427604675
0.5709195137023926
0.5360761880874634
0.5601494312286377
0.5691246390342712
0.5441478490829468
0.5803310871124268
0.5436142086982727
0.6409951448440552
0.5876765251159668
0.5819433927536011
0.5301462411880493
0.5472021698951721
0.5477493405342102
0.5048037171363831
0.5536851286888123
0.5482990741729736
0.5114322304725647
0.5752866864204407
0.5606207251548767
0.558908224105835
0.5237647294998169
0.5218585729598999
0.5805017352104187
0.5259586572647095
0.5829969644546509
0.5905387997627258
0.5459153652191162
0.5596243739128113
0.5377950668334961
0.5846453309059143
0.5405939817428589
0.5634809732437134
0.5786522030830383
0.6689660549163818
0.5185017585754395
0.5790783166885376
0.5280782580375671
0.619574248790741
0.546610414981842
0.5469209551811218
0.5379422307014465
0.5298684239387512
0.5618811845779419
0.6256397366523743
0.5676259994506836
0.5619543790817261
0.5973610281944275
0.5513681769371033
0.5674242973327637
0.5868630409240723
0.5406673550605774
0.5638737678527832
0.5664326548576355
0.5150142908096313
0.5935136675834656
0.5261077880859375
0.6669076681137085
0.5126880407333374
0.5391271114349365
0.49741849303245544
0.5634118318557739
0.5485152006149292
0.5614941716194153
0.5506070852279663
0.554393470287323
0.5246098041534424
0.49493032693862915
0.5280704498291016
0.5396382212638855
0.5535821914672852
0.5409157276153564
0.4807239770889282
0.5152938365936279
0.5086289048194885
0.5374261736869812
0.5185518860816956
0.5158936381340027
0.5646461248397827
0.5173022747039795
0.49719545245170593
0.5369195342063904
0.5240638256072998
0.5451704263687134
0.5473974943161011
0.5576692819595337
0.5167880058288574
0.5322431325912476
0.5392786860466003
0.596784770488739
0.5563040971755981
0.5371652245521545
0.5320338606834412
0.5552077293395996
0.5266586542129517
0.5430260300636292
0.5822177529335022
0.5592726469039917
0.5430296063423157
0.5602301955223083
0.5790525674819946
0.5103859305381775
0.5253070592880249
0.5364236235618591
0.5550762414932251
0.5064338445663452
0.5482667088508606
0.504713773727417
0.5941708087921143
0.48582902550697327
0.5629101395606995
0.5882837772369385
0.5093188285827637
0.5380092859268188
0.524297833442688
0.5453613996505737
0.5913777947425842
0.5205205678939819
0.5980358123779297
0.5616451501846313
0.5220129489898682
0.5576648116111755
0.5444870591163635
0.5127434730529785
0.5507776141166687
0.5224827527999878
0.5521649718284607
0.5190790295600891
0.5515151023864746
0.5007871985435486
0.55253005027771
0.5249886512756348
0.5578380227088928
0.4883459806442261
0.5251045823097229
0.4862355887889862
0.4961489140987396
0.6365220546722412
0.5167036652565002
0.5246785283088684
0.4774394929409027
0.5132230520248413
0.4892480969429016
0.548348069190979
0.5243544578552246
0.5070213079452515
0.5588542819023132
0.5258756279945374
0.49205636978149414
0.45892974734306335
0.5150589942932129
0.5144466757774353
0.4665297865867615
0.49166417121887207
0.4968397319316864
0.5032047033309937
0.5231427550315857
0.5264275670051575
0.5193012356758118
0.5193465948104858
0.5657678246498108
0.5027763843536377
0.4981541633605957
0.532339870929718
0.4765314757823944
0.5593096017837524
0.5130081176757812
0.4869041442871094
0.5078919529914856
0.5179674625396729
0.5030232667922974
0.5244451761245728
0.5494701266288757
0.6312977075576782
0.517833948135376
0.6414815783500671
0.49312782287597656
0.48651406168937683
0.5403724908828735
0.504707932472229
0.46628090739250183
0.5020657181739807
0.5016552805900574
0.569860577583313
0.5083507895469666
0.47148293256759644
0.6197137236595154
0.4808342158794403
0.5427289009094238
0.5267734527587891
0.5280770063400269
0.5176243782043457
0.5263559222221375
0.5596553087234497
0.5190951824188232
0.5378986597061157
0.5141538977622986
0.5276719927787781
0.49494805932044983
0.4848460853099823
0.624476969242096
0.4997206926345825
0.47576406598091125
0.522238552570343
0.4569230377674103
0.48891180753707886
0.49834370613098145
0.5330240726470947
0.49763646721839905
0.5376485586166382
0.5050216913223267
0.518190860748291
0.5405240654945374
0.4919658899307251
0.5292782187461853
0.5264248251914978
0.5059717893600464
0.4878484606742859
0.5850228667259216
0.5023640990257263
0.516342282295227
0.578991174697876
0.4437050521373749
0.48042309284210205
0.4722129702568054
0.5778869390487671
0.46544089913368225
0.49325281381607056
0.5104749798774719
0.45743751525878906
0.48543378710746765
0.48898306488990784
0.458948016166687
0.502831757068634
0.514624297618866
0.5729589462280273
0.4820376932621002
0.5366677045822144
0.537615180015564
0.48007169365882874
0.4808405637741089
0.4933810234069824
0.4845292568206787
0.5279447436332703
0.538644015789032
0.6147938370704651
0.5091416835784912
0.4733350872993469
0.4797981381416321
0.5130058526992798
0.5482298135757446
0.4975394308567047
0.49613913893699646
0.5049309730529785
0.47300297021865845
0.4967624545097351
0.5257710814476013
0.516937255859375
0.49740180373191833
0.5375884771347046
0.4845884442329407
0.4762703776359558
0.5092499852180481
0.5346224904060364
0.4754503071308136
0.4304504096508026
0.4611017405986786
0.43049493432044983
0.49707743525505066
0.4699344038963318
0.44985878467559814
0.5041162371635437
0.491030216217041
0.4858313500881195
0.477101594209671
0.4903530180454254
0.4415470063686371
0.49247902631759644
0.47246238589286804
0.4977981448173523
0.48117583990097046
0.5120590925216675
0.4708816707134247
0.4906471371650696
0.4534342586994171
0.44659894704818726
0.4668884873390198
0.49328315258026123
0.4915109872817993
0.44760504364967346
0.47453251481056213
0.471422404050827
0.4956589937210083
0.4533040225505829
0.5643435716629028
0.4820995330810547
0.4917234182357788
0.48855870962142944
0.47042316198349
0.4980412721633911
0.5074330568313599
0.5014543533325195
0.47812265157699585
0.4914940595626831
0.46265071630477905
0.5224736332893372
0.48395171761512756
0.4766126573085785
0.4586597979068756
0.5042261481285095
0.45708781480789185
0.575957715511322
0.4736769199371338
0.5119091272354126
0.5067806243896484
0.5033586025238037
0.5277490615844727
0.5206467509269714
0.5907267332077026
0.4651327431201935
0.48262786865234375
0.485874205827713
0.49268582463264465
0.4614732265472412
0.45172834396362305
0.47569286823272705
0.5018231868743896
0.4550904333591461
0.4559935927391052
0.44603973627090454
0.48516592383384705
0.4246998727321625
0.4523874521255493
0.4497341215610504
0.49770212173461914
0.45731812715530396
0.4545389413833618
0.47049909830093384
0.4840167164802551
0.4633820950984955
0.45540669560432434
0.4318128228187561
0.45570293068885803
0.45079419016838074
0.5165715217590332
0.4675186574459076
0.4634007513523102
0.47484275698661804
0.5104627013206482
0.44416409730911255
0.4775826930999756
0.5297759771347046
0.4457199275493622
0.48082777857780457
0.48224684596061707
0.44169363379478455
0.47875016927719116
0.45085087418556213
0.48501116037368774
0.4552058279514313
0.4703349471092224
0.5611779093742371
0.459269642829895
0.47925615310668945
0.49610817432403564
0.5132853388786316
0.4940558075904846
0.4697498381137848
0.4921373426914215
0.4647597074508667
0.5159819722175598
0.5434675216674805
0.5050662159919739
0.4590642750263214
0.4783446788787842
0.5059416890144348
0.4575653076171875
0.48628509044647217
0.45601874589920044
0.49281370639801025
0.4364154040813446
0.47481778264045715
0.4848954677581787
0.4541638493537903
0.49000099301338196
0.4875643253326416
0.4935848116874695
0.45113682746887207
0.4631115198135376
0.4564974308013916
0.5741912722587585
0.4462031126022339
0.48822203278541565
0.4657462239265442
0.43575572967529297
0.44416674971580505
0.4393278658390045
0.42542192339897156
0.44836825132369995
0.42753034830093384
0.4321790337562561
0.45947033166885376
0.430949330329895
0.4618529677391052
0.47165828943252563
0.46649956703186035
0.4514244794845581
0.42595726251602173
0.4418485462665558
0.45034170150756836
0.4785931706428528
0.4563705623149872
0.4191897511482239
0.4546993672847748
0.6611012816429138
0.47100111842155457
0.47526755928993225
0.487087607383728
0.4507288634777069
0.46914058923721313
0.4597349166870117
0.4678570032119751
0.46435630321502686
0.4799233376979828
0.44766220450401306
0.44204679131507874
0.4405399262905121
0.42263907194137573
0.6485963463783264
0.45781177282333374
0.47627928853034973
0.4624558389186859
0.4538727402687073
0.446223646402359
0.5215482115745544
0.44696101546287537
0.43639612197875977
0.44558772444725037
0.4163300693035126
0.43021470308303833
0.44800812005996704
0.4479214549064636
0.41838517785072327
0.4403916001319885
0.45808351039886475
0.4624486565589905
0.4441410005092621
0.4689314663410187
0.44404515624046326
0.46335387229919434
0.46489569544792175
0.45112234354019165
0.4273088276386261
0.4885709583759308
0.48691436648368835
0.4520765244960785
0.4510461986064911
0.40462690591812134
0.4360339045524597
0.4263402819633484
0.41551655530929565
0.39821311831474304
0.49037760496139526
0.4705689251422882
0.518429696559906
0.4567376673221588
0.4192236661911011
0.4097425043582916
0.4403080642223358
0.42504119873046875
0.4614676237106323
0.45922163128852844
0.5433849096298218
0.44176626205444336
0.4322449862957001
0.4766351580619812
0.46028584241867065
0.4791112542152405
0.4254516065120697
0.4465058445930481
0.4643453359603882
0.4636654257774353
0.4327429533004761
0.44835150241851807
0.3908239006996155
0.43903645873069763
0.4481562077999115
0.44793233275413513
0.5461971163749695
0.4407551884651184
0.45777273178100586
0.46975767612457275
0.4050397276878357
0.46332216262817383
0.47170862555503845
0.4400280714035034
0.43913593888282776
0.45769408345222473
0.44314804673194885
0.42261210083961487
0.4762793481349945
0.45277348160743713
0.4928622245788574
0.44035735726356506
0.4324834644794464
0.44331642985343933
0.4873407483100891
0.4125058650970459
0.5170382857322693
0.4752272367477417
0.4480344355106354
0.4362392723560333
0.4537146985530853
0.439465194940567
0.4649788439273834
0.41481807827949524
0.4711577594280243
0.4539548456668854
0.4609123468399048
0.4057789444923401
0.43234267830848694
0.37153226137161255
0.40452730655670166
0.42810967564582825
0.4046815037727356
0.4116338789463043
0.4921947717666626
0.4196079671382904
0.4160430431365967
0.5245073437690735
0.44927510619163513
0.3915328085422516
0.45638248324394226
0.42907434701919556
0.3987203538417816
0.4181867837905884
0.41535478830337524
0.43946078419685364
0.43314170837402344
0.4378337264060974
0.4438968300819397
0.45196205377578735
0.44159725308418274
0.42018580436706543
0.4109506905078888
0.40946632623672485
0.4204550087451935
0.43301668763160706
0.45286130905151367
0.437541663646698
0.4297025501728058
0.43831244111061096
0.4338625967502594
0.4688965380191803
0.4808545708656311
0.4403805136680603
0.41346192359924316
0.49691054224967957
0.43668320775032043
0.4219375550746918
0.4406903386116028
0.43273553252220154
0.5577690601348877
0.4289274215698242
0.43564894795417786
0.42656683921813965
0.42397016286849976
0.42259398102760315
0.4388457238674164
0.3977450728416443
0.4711630046367645
0.4354446828365326
0.4487847089767456
0.42415738105773926
0.44004911184310913
0.421810507774353
0.4768679440021515
0.41896602511405945
0.5497223734855652
0.4152727723121643
0.41582033038139343
0.4251801073551178
0.4373524487018585
0.3950358033180237
0.41574662923812866
0.43204250931739807
0.39551711082458496
0.3985651135444641
0.40421807765960693
0.3929674029350281
0.4040398597717285
0.4072112739086151
0.49104762077331543
0.3787851333618164
0.4134513735771179
0.39361539483070374
0.3956940174102783
0.47491058707237244
0.5098782181739807
0.403472363948822
0.4289535582065582
0.4378756582736969
0.4242638051509857
0.44101664423942566
0.3998901844024658
0.4180597960948944
0.4393887221813202
0.45440950989723206
0.42704498767852783
0.4217292368412018
0.38248327374458313
0.4530748724937439
0.46505457162857056
0.44892919063568115
0.43860360980033875
0.43016597628593445
0.41338101029396057
0.41469547152519226
0.39705920219421387
0.41597622632980347
0.38273459672927856
0.41189706325531006
0.4165261387825012
0.40733227133750916
0.4052240550518036
0.40651965141296387
0.4879815876483917
0.3984379172325134
0.471814900636673
0.4255782663822174
0.41499316692352295
0.392991840839386
0.45944517850875854
0.41401708126068115
0.48919880390167236
0.4266645908355713
0.44710373878479004
0.45054787397384644
0.39250999689102173
0.43588095903396606
0.41206851601600647
0.4415891766548157
0.45469480752944946
0.4080381989479065
0.4583849012851715
0.4419223666191101
0.4002167582511902
0.40908578038215637
0.42259612679481506
0.40903282165527344
0.37150779366493225
0.42542481422424316
0.3958750367164612
0.40577059984207153
0.4141058921813965
0.4296749234199524
0.42157191038131714
0.40761885046958923
0.36999839544296265
0.4384790062904358
0.47371575236320496
0.41397911310195923
0.38424453139305115
0.4179345965385437
0.38753393292427063
0.39021557569503784
0.4197695255279541
0.41154804825782776
0.38489919900894165
0.4003910720348358
0.37292712926864624
0.38443416357040405
0.40756428241729736
0.39838528633117676
0.41290056705474854
0.437820166349411
0.41549426317214966
0.5311852693557739
0.4286080002784729
0.3907621502876282
0.42379230260849
0.4146501421928406
0.40633392333984375
0.41352516412734985
0.3999321460723877
0.4132647216320038
0.36796441674232483
0.40399467945098877
0.43836814165115356
0.4417714476585388
0.3940645158290863
0.37220829725265503
0.43252527713775635
0.4473675787448883
0.4092257618904114
0.5361281633377075
0.41001734137535095
0.41636547446250916
0.4041425585746765
0.42430123686790466
0.4216892719268799
0.3888925015926361
0.3962317407131195
0.530718982219696
0.42955759167671204
0.41992390155792236
0.40172386169433594
0.37116020917892456
0.42108970880508423
0.41884559392929077
0.4122794270515442
0.3608746826648712
0.34138721227645874
0.3998221457004547
0.38946959376335144
0.3543359339237213
0.3973560333251953
0.4112222194671631
0.390025794506073
0.3838973343372345
0.41430601477622986
0.41373512148857117
0.43600332736968994
0.40866172313690186
0.3973579406738281
0.4279066026210785
0.3819456100463867
0.37474560737609863
0.36669081449508667
0.4108160436153412
0.38635367155075073
0.48288479447364807
0.3955433666706085
0.3589387536048889
0.40700995922088623
0.3809381127357483
0.42556774616241455
0.38873398303985596
0.3819580674171448
0.38236337900161743
0.39139649271965027
0.4029063582420349
0.43171942234039307
0.38836613297462463
0.39122894406318665
0.40675169229507446
0.41456103324890137
0.40958380699157715
0.3786570429801941
0.3850633502006531
0.4979630708694458
0.38565298914909363
0.48792991042137146
0.41551700234413147
0.3981257677078247
0.382820725440979
0.38014325499534607
0.40509033203125
0.38912034034729004
0.39415550231933594
0.41151782870292664
0.3773579001426697
0.4001103341579437
0.3898523151874542
0.4162681996822357
0.4760892391204834
0.40924909710884094
0.39917218685150146
0.3964516222476959
0.4007006883621216
0.38997411727905273
0.44731831550598145
0.394848108291626
0.3734724223613739
0.38780128955841064
